w04,1,1,0,0.09175040000000001,12964509876.0,1.0
w03,1,1,0,0.09175040000000001,12368777971.0,1.0
w02,1,1,0,0.09175040000000001,10276061374.0,1.0
w31,1,1,0,0.09175040000000001,9769973156.0,1.0
w05,1,1,0,0.09175040000000001,9085187625.0,1.0
w10,1,1,0,0.09175040000000001,8792398031.0,1.0
w09,1,1,0,0.09175040000000001,7843830914.0,1.0
w08,1,1,0,0.09175040000000001,7276947223.0,1.0
w04,1,2,0,0.18350080000000002,6501355388.0,1
w03,1,2,0,0.18350080000000002,6202525430.0,1
w14,1,1,0,0.09175040000000001,5404108255.0,1.0
w20,1,1,0,0.09175040000000001,4945829016.0,1.0
w54,1,1,0,0.09175040000000001,4926636867.0,1.0
w31,1,2,0,0.18350080000000002,4885398779.0,1
w21,1,1,0,0.09175040000000001,4736209336.0,1.0
w10,1,2,0,0.18350080000000002,4403228298.0,1
w04,1,3,0,0.27525120000000003,4339282189.666667,1
w03,1,3,0,0.27525120000000003,4140575491.3333335,1
w09,1,2,0,0.18350080000000002,3928089314.0,1
w08,1,2,0,0.18350080000000002,3638672565.5,1
w46,1,1,0,0.09175040000000001,3593925011.0,1.0
w31,1,3,0,0.27525120000000003,3257109559.0,1
w04,1,4,0,0.36700160000000004,3256855705.25,1
w11,1,1,0,0.09175040000000001,3161184126.0,1.0
w03,1,4,0,0.36700160000000004,3107997669.25,1
w10,1,3,0,0.27525120000000003,2939267529.3333335,1
w14,1,2,0,0.18350080000000002,2706546528.0,1
w03,1,5,0,0.45875200000000005,2487876374.4,1
w20,1,2,0,0.18350080000000002,2474025771.0,1
w54,1,2,0,0.18350080000000002,2463606905.0,1
w31,1,4,0,0.36700160000000004,2442943251.25,1
w08,1,3,0,0.27525120000000003,2425846190.0,1
w21,1,2,0,0.18350080000000002,2368281451.5,1
w25,1,1,0,0.09175040000000001,2361647166.0,1.0
w48,1,1,0,0.09175040000000001,2273268196.0,1.0
w10,1,4,0,0.36700160000000004,2206453928.0,1
w13,1,1,0,0.09175040000000001,2157889231.0,1.0
w03,1,6,0,0.5505024000000001,2074160674.1666667,1
w31,1,5,0,0.45875200000000005,1954441863.0,1
w01,1,1,0,0.09175040000000001,1895562165.0,1.0
w14,1,3,0,0.27525120000000003,1805607876.3333333,1
w03,1,7,0,0.6422528000000001,1778477525.5714285,1
w10,1,5,0,0.45875200000000005,1766017168.0,1
w20,1,3,0,0.27525120000000003,1649762977.0,1
w54,1,3,0,0.27525120000000003,1642570446.6666667,1
w31,1,6,0,0.5505024000000001,1628766734.8333333,1
w06,1,1,0,0.09175040000000001,1625683357.0,1.0
w21,1,3,0,0.27525120000000003,1578924034.6666667,1
w09,1,5,0,0.45875200000000005,1576203227.6,3
w34,1,1,0,0.09175040000000001,1566998754.0,1.0
w03,1,8,0,0.7340032000000001,1556611347.375,1
w10,1,6,0,0.5505024000000001,1472138985.3333333,1
w31,1,7,0,0.6422528000000001,1396135521.2857144,1
w03,1,9,0,0.8257536000000001,1383969643.7777777,1
w14,1,4,0,0.36700160000000004,1354812277.25,1
w09,1,6,0,0.5505024000000001,1314821278.8333333,1
w05,1,7,0,0.6422528000000001,1299376619.5714285,6
w53,1,1,0,0.09175040000000001,1295462154.0,1.0
w10,1,7,0,0.6422528000000001,1262098266.0,1
w03,1,10,0,0.9175040000000001,1245807180.9,1
w20,1,4,0,0.36700160000000004,1237549526.75,1
w31,1,8,0,0.7340032000000001,1221654068.0,1
w04,1,11,0,1.0092544,1189852561.6363637,7
w21,1,4,0,0.36700160000000004,1184231957.75,1
w25,1,2,0,0.18350080000000002,1181133536.5,1
w23,1,1,0,0.09175040000000001,1160435311.0,1.0
w05,1,8,0,0.7340032000000001,1137134156.0,1
w48,1,2,0,0.18350080000000002,1136798318.5,1
w03,1,11,0,1.0092544,1132729404.1818182,1
w09,1,7,0,0.6422528000000001,1127938002.0,1
w10,1,8,0,0.7340032000000001,1104520772.5,1
w04,1,12,0,1.1010048000000001,1091360984.25,1
w14,1,5,0,0.45875200000000005,1084222837.6,1
w13,1,2,0,0.18350080000000002,1080539612.5,1
w26,1,1,0,0.09175040000000001,1039949911.0,1.0
w03,1,12,0,1.1010048000000001,1038475426.6666666,1
w05,1,9,0,0.8257536000000001,1010905630.7777778,1
w04,1,13,0,1.1927552000000001,1007946609.3846154,1
w17,1,1,0,0.09175040000000001,990482561.0,1.0
w20,1,5,0,0.45875200000000005,990187432.0,1
w09,1,8,0,0.7340032000000001,987593208.75,1
w10,1,9,0,0.8257536000000001,981919760.6666666,1
w31,1,10,0,0.9175040000000001,977367102.0,2
w03,1,13,0,1.1927552000000001,958712042.0,1
w01,1,2,0,0.18350080000000002,955299096.5,1
w04,1,14,0,1.2845056000000001,936389706.9285715,1
w05,1,10,0,0.9175040000000001,909900250.0,1
w14,1,6,0,0.5505024000000001,903759479.3333334,1
w03,1,14,0,1.2845056000000001,890332966.7857143,1
w10,1,10,0,0.9175040000000001,883813476.0,1
w28,1,1,0,0.09175040000000001,880528932.0,1.0
w09,1,9,0,0.8257536000000001,878327954.8888888,1
w43,1,1,0,0.09175040000000001,877365979.0,1.0
w04,1,15,0,1.3762560000000001,874316900.8666667,1
w03,1,15,0,1.3762560000000001,831061452.0,1
w05,1,11,0,1.0092544,827246383.9090909,1
w20,1,6,0,0.5505024000000001,825263004.5,1
w06,1,2,0,0.18350080000000002,821995620.5,1
w04,1,16,0,1.4680064000000002,819962700.8125,1
w31,1,12,0,1.1010048000000001,814494737.3333334,2
w10,1,11,0,1.0092544,803534005.9090909,1
w64,1,1,0,0.09175040000000001,802614170.0,1.0
w09,1,10,0,0.9175040000000001,790845712.7,1
w21,1,6,0,0.5505024000000001,789532586.6666666,2
w03,1,16,0,1.4680064000000002,779194768.875,1
w14,1,7,0,0.6422528000000001,774818116.1428572,1
w04,1,17,0,1.5597568000000002,771967280.2941177,1
w05,1,12,0,1.1010048000000001,758364792.4166666,1
w48,1,3,0,0.27525120000000003,757952121.3333334,1
w10,1,12,0,1.1010048000000001,736622949.5,1
w94,1,1,0,0.09175040000000001,735947625.0,1.0
w03,1,17,0,1.5597568000000002,733425005.4705882,1
w04,1,18,0,1.6515072000000002,729280974.7222222,1
w09,1,11,0,1.0092544,719236271.0,1
w24,1,1,0,0.09175040000000001,709520261.0,1.0
w49,1,1,0,0.09175040000000001,706649501.0,1.0
w05,1,13,0,1.1927552000000001,700070166.0769231,1
w03,1,18,0,1.6515072000000002,692738717.6111112,1
w04,1,19,0,1.7432576000000002,691069810.0526316,1
w10,1,13,0,1.1927552000000001,680000298.6923077,1
w14,1,8,0,0.7340032000000001,678091308.5,1
w21,1,7,0,0.6422528000000001,676760535.7142857,1
w09,1,12,0,1.1010048000000001,659535838.5,1
w04,1,20,0,1.8350080000000002,656666394.05,1
w03,1,19,0,1.7432576000000002,656331353.0,1
w31,1,15,0,1.3762560000000001,651619971.5333333,3
w05,1,14,0,1.2845056000000001,650097755.3571428,1
w53,1,2,0,0.18350080000000002,648081615.5,1
w01,1,3,0,0.27525120000000003,640226661.6666666,1
w18,1,1,0,0.09175040000000001,633352243.0,1.0
w10,1,14,0,1.2845056000000001,631459956.9285715,1
w04,1,21,0,1.9267584000000002,625535605.7619047,1
w03,1,20,0,1.8350080000000002,623561526.9,1
w65,1,1,0,0.09175040000000001,619570674.0,1.0
w20,1,8,0,0.7340032000000001,619105975.0,2
w09,1,13,0,1.1927552000000001,609004342.6923077,1
w05,1,15,0,1.3762560000000001,606783241.4,1
w16,1,1,0,0.09175040000000001,605171119.0,1.0
w14,1,9,0,0.8257536000000001,602848247.5555556,1
w04,1,22,0,2.0185088,597228056.7727273,1
w03,1,21,0,1.9267584000000002,593909751.1428572,1
w21,1,8,0,0.7340032000000001,592180550.125,1
w10,1,15,0,1.3762560000000001,589388640.2666667,1
w04,1,23,0,2.1102592000000002,571376493.8695652,1
w05,1,16,0,1.4680064000000002,568880801.5,1
w03,1,22,0,2.0185088,566950665.1818181,1
w09,1,14,0,1.2845056000000001,565682227.5,1
w10,1,16,0,1.4680064000000002,552575818.0,1
w20,1,9,0,0.8257536000000001,550381327.3333334,1
w04,1,24,0,2.2020096000000002,547674923.4166666,1
w14,1,10,0,0.9175040000000001,542640449.7,1
w03,1,23,0,2.1102592000000002,542334325.6521739,1
w05,1,17,0,1.5597568000000002,535435845.11764705,1
w11,1,6,0,0.5505024000000001,533768570.0,5
w50,1,1,0,0.09175040000000001,528150267.0,1.0
w09,1,15,0,1.3762560000000001,528124662.6666667,1
w21,1,9,0,0.8257536000000001,526393380.2222222,1
w04,1,25,0,2.2937600000000002,525865214.72,1
w26,1,2,0,0.18350080000000002,520775045.0,1
w10,1,17,0,1.5597568000000002,520093346.35294116,1
w03,1,24,0,2.2020096000000002,519768320.0416667,1
w46,1,7,0,0.6422528000000001,514538292.14285713,6
w31,1,19,0,1.7432576000000002,514458158.4736842,4
w58,1,1,0,0.09175040000000001,509207323.0,1.0
w30,1,1,0,0.09175040000000001,506724505.0,1.0
w04,1,26,0,2.3855104000000003,505729912.5769231,1
w05,1,18,0,1.6515072000000002,505705742.0,1
w03,1,25,0,2.2937600000000002,499005754.92,1
w20,1,10,0,0.9175040000000001,495389234.6,1
w14,1,11,0,1.0092544,493370481.8181818,1
w10,1,18,0,1.6515072000000002,491218383.2777778,1
w31,1,20,0,1.8350080000000002,488738817.85,1
w04,1,27,0,2.4772608000000003,487081833.9259259,1
w01,1,4,0,0.36700160000000004,482340098.5,1
w03,1,26,0,2.3855104000000003,479839367.03846157,1
w05,1,19,0,1.7432576000000002,479103279.8947368,1
w21,1,10,0,0.9175040000000001,473762424.2,1
w25,1,5,0,0.45875200000000005,472597685.8,3
w04,1,28,0,2.5690112000000003,469763146.5714286,1
w09,1,17,0,1.5597568000000002,466252133.0588235,2
w31,1,21,0,1.9267584000000002,465468723.0952381,1
w10,1,19,0,1.7432576000000002,465381560.6315789,1
w03,1,27,0,2.4772608000000003,462092465.0,1
w11,1,7,0,0.6422528000000001,458381296.4285714,1
w61,1,1,0,0.09175040000000001,456341957.0,1.0
w05,1,20,0,1.8350080000000002,455159716.75,1
w04,1,29,0,2.6607616000000003,453636039.6896552,1
w14,1,12,0,1.1010048000000001,452304737.9166667,1
w20,1,11,0,1.0092544,450388302.8181818,1
w46,1,8,0,0.7340032000000001,450288341.75,1
w03,1,28,0,2.5690112000000003,445612100.1785714,1
w10,1,20,0,1.8350080000000002,442127581.8,1
w43,1,2,0,0.18350080000000002,441321287.5,1
w15,1,1,0,0.09175040000000001,440889530.0,1.0
w28,1,2,0,0.18350080000000002,440484535.0,1
w09,1,18,0,1.6515072000000002,440467684.8333333,1
w04,1,30,0,2.7525120000000003,438580878.1333333,1
w42,1,1,0,0.09175040000000001,436636508.0,1.0
w53,1,3,0,0.27525120000000003,432287212.3333333,1
w21,1,11,0,1.0092544,430700041.1818182,1
w03,1,29,0,2.6607616000000003,430267521.20689654,1
w35,1,1,0,0.09175040000000001,429881267.0,1.0
w31,1,23,0,2.1102592000000002,424997924.04347825,2
w51,1,1,0,0.09175040000000001,424667457.0,1.0
w04,1,31,0,2.8442624000000003,424494053.2580645,1
w10,1,21,0,1.9267584000000002,421087350.3333333,1
w14,1,13,0,1.1927552000000001,417554612.3076923,1
w09,1,19,0,1.7432576000000002,417392257.94736844,1
w03,1,30,0,2.7525120000000003,415944700.7,1
w20,1,12,0,1.1010048000000001,412883940.5,1
w04,1,32,0,2.9360128000000003,411284900.0,1
w32,1,1,0,0.09175040000000001,405516262.0,1.0
w03,1,31,0,2.8442624000000003,402544653.67741936,1
w64,1,2,0,0.18350080000000002,401825274.0,1
w11,1,8,0,0.7340032000000001,401543455.375,1
w46,1,9,0,0.8257536000000001,400298555.7777778,1
w04,1,33,0,3.0277632000000003,398873968.72727275,1
w09,1,20,0,1.8350080000000002,396623669.1,1
w05,1,23,0,2.1102592000000002,395818210.7826087,3
w21,1,12,0,1.1010048000000001,394814193.3333333,1
w25,1,6,0,0.5505024000000001,393866307.1666667,1
w03,1,32,0,2.9360128000000003,389981071.75,1
w14,1,14,0,1.2845056000000001,387763428.28571427,1
w01,1,5,0,0.45875200000000005,387434052.8,1
w04,1,34,0,3.1195136000000003,387191349.0294118,1
w10,1,23,0,2.1102592000000002,384494415.3043478,2
w20,1,13,0,1.1927552000000001,381148389.46153843,1
w05,1,24,0,2.2020096000000002,379333405.6666667,1
w03,1,33,0,3.0277632000000003,378178595.2121212,1
w09,1,21,0,1.9267584000000002,377828336.47619045,1
w04,1,35,0,3.2112640000000003,376174326.48571426,1
w22,1,1,0,0.09175040000000001,368426452.0,1.0
w03,1,34,0,3.1195136000000003,367069856.4705882,1
w04,1,36,0,3.3030144000000004,365768490.75,1
w05,1,25,0,2.2937600000000002,364166694.8,1
w31,1,27,0,2.4772608000000003,362043052.2962963,4
w09,1,22,0,2.0185088,360738057.40909094,1
w46,1,10,0,0.9175040000000001,360303462.9,1
w29,1,1,0,0.09175040000000001,360054195.0,1.0
w03,1,35,0,3.2112640000000003,356595431.6857143,1
w24,1,2,0,0.18350080000000002,356024894.5,1
w04,1,37,0,3.3947648000000004,355922980.4324324,1
w49,1,2,0,0.18350080000000002,354276756.5,1
w20,1,14,0,1.2845056000000001,353944497.0714286,1
w05,1,26,0,2.3855104000000003,350166630.5769231,1
w31,1,28,0,2.5690112000000003,349114406.89285713,1
w27,1,1,0,0.09175040000000001,347756405.0,1.0
w90,1,1,0,0.09175040000000001,347627672.0,1.0
w26,1,3,0,0.27525120000000003,347433218.6666667,1
w03,1,36,0,3.3030144000000004,346702833.3333333,1
w04,1,38,0,3.4865152000000004,346592977.84210527,1
w09,1,23,0,2.1102592000000002,345128991.73913044,1
w10,1,26,0,2.3855104000000003,340157237.11538464,3
w04,1,39,0,3.5782656000000004,337740075.0,1
w03,1,37,0,3.3947648000000004,337344824.0810811,1
w05,1,27,0,2.4772608000000003,337203372.5185185,1
w38,1,1,0,0.09175040000000001,333129182.0,1.0
w09,1,24,0,2.2020096000000002,330814675.875,1
w04,1,40,0,3.6700160000000004,329328258.4,1
w03,1,38,0,3.4865152000000004,328478916.84210527,1
w10,1,27,0,2.4772608000000003,327566372.1111111,1
w31,1,30,0,2.7525120000000003,325841966.9,2
w05,1,28,0,2.5690112000000003,325165831.10714287,1
w53,1,4,0,0.36700160000000004,324336674.75,1
w01,1,6,0,0.5505024000000001,323956874.3333333,1
w04,1,41,0,3.7617664000000004,321325871.3902439,1
w63,1,1,0,0.09175040000000001,320517061.0,1.0
w03,1,39,0,3.5782656000000004,320066953.6666667,1
w09,1,25,0,2.2937600000000002,317640782.56,1
w45,1,1,0,0.09175040000000001,317321514.0,1.0
w10,1,28,0,2.5690112000000003,315874564.4285714,1
w21,1,15,0,1.3762560000000001,315864261.8666667,3
w05,1,29,0,2.6607616000000003,313958325.5862069,1
w04,1,42,0,3.8535168000000004,313703201.9285714,1
w03,1,40,0,3.6700160000000004,312075483.775,1
w65,1,2,0,0.18350080000000002,309937889.5,1
w20,1,16,0,1.4680064000000002,309736006.375,2
w66,1,1,0,0.09175040000000001,309005158.0,1.0
w04,1,43,0,3.9452672000000004,306434512.25581396,1
w09,1,26,0,2.3855104000000003,305475405.7307692,1
w10,1,29,0,2.6607616000000003,304988715.13793105,1
w05,1,30,0,2.7525120000000003,303497862.1666667,1
w46,1,12,0,1.1010048000000001,300300597.75,2
w04,1,44,0,4.0370176,299495235.25,1
w39,1,1,0,0.09175040000000001,299100762.0,1.0
w33,1,1,0,0.09175040000000001,297261339.0,1.0
w21,1,16,0,1.4680064000000002,296126771.4375,1
w69,1,1,0,0.09175040000000001,295090086.0,1.0
w10,1,30,0,2.7525120000000003,294828146.1666667,1
w43,1,3,0,0.27525120000000003,294482252.0,1
w09,1,27,0,2.4772608000000003,294206107.7037037,1
w04,1,45,0,4.128768000000001,292863786.62222224,1
w75,1,1,0,0.09175040000000001,292704145.0,1.0
w36,1,1,0,0.09175040000000001,291945761.0,1.0
w20,1,17,0,1.5597568000000002,291529119.8235294,1
w23,1,4,0,0.36700160000000004,291294101.25,3
w47,1,1,0,0.09175040000000001,291211925.0,1.0
w04,1,46,0,4.2205184000000004,286519675.45652175,1
w10,1,31,0,2.8442624000000003,285322844.9032258,1
w40,1,1,0,0.09175040000000001,284674934.0,1.0
w05,1,32,0,2.9360128000000003,284537925.875,2
w09,1,28,0,2.5690112000000003,283739408.5714286,1
w85,1,1,0,0.09175040000000001,281313378.0,1.0
w04,1,47,0,4.3122688,280444553.19148934,1
w31,1,35,0,3.2112640000000003,279296353.1142857,5
w01,1,7,0,0.6422528000000001,278456018.85714287,1
w10,1,32,0,2.9360128000000003,276411507.5625,1
w41,1,1,0,0.09175040000000001,276390811.0,1.0
w20,1,18,0,1.6515072000000002,275342541.6666667,1
w04,1,48,0,4.4040192000000005,274622206.5416667,1
w09,1,29,0,2.6607616000000003,273991044.9655172,1
w70,1,1,0,0.09175040000000001,273279290.0,1.0
w31,1,36,0,3.3030144000000004,271538741.3611111,1
w04,1,49,0,4.495769600000001,269036767.5714286,1
w68,1,1,0,0.09175040000000001,268496286.0,1.0
w64,1,3,0,0.27525120000000003,268127599.0,1
w09,1,30,0,2.7525120000000003,264890352.56666666,1
w04,1,50,0,4.5875200000000005,263674092.24,1
w20,1,19,0,1.7432576000000002,260858471.63157895,1
w26,1,4,0,0.36700160000000004,260702488.75,1
w53,1,5,0,0.45875200000000005,259514079.4,1
w58,1,2,0,0.18350080000000002,258988195.5,1
w04,1,51,0,4.6792704,258520935.70588234,1
w09,1,31,0,2.8442624000000003,256374381.48387095,1
w84,1,1,0,0.09175040000000001,253743722.0,1.0
w04,1,52,0,4.7710208000000005,253565451.21153846,1
w05,1,36,0,3.3030144000000004,252936227.41666666,4
w10,1,35,0,3.2112640000000003,252732509.25714287,3
w08,1,29,0,2.6607616000000003,251118765.41379312,26
w04,1,53,0,4.862771200000001,248796917.33962265,1
w09,1,32,0,2.9360128000000003,248389150.5,1
w20,1,20,0,1.8350080000000002,247822685.05,1
w05,1,37,0,3.3947648000000004,246103307.6216216,1
w10,1,36,0,3.3030144000000004,245716086.44444445,1
w60,1,1,0,0.09175040000000001,245265010.0,1.0
w01,1,8,0,0.7340032000000001,244227945.625,1
w04,1,54,0,4.9545216000000005,244204365.0,1
w92,1,1,0,0.09175040000000001,244072363.0,1.0
w08,1,30,0,2.7525120000000003,242753568.93333334,1
w06,1,7,0,0.6422528000000001,242453078.57142857,5
w09,1,33,0,3.0277632000000003,240886239.24242425,1
w46,1,15,0,1.3762560000000001,240291473.0,3
w78,1,1,0,0.09175040000000001,240221556.0,1.0
w04,1,55,0,5.046272,239778651.78181818,1
w05,1,38,0,3.4865152000000004,239629764.34210527,1
w10,1,37,0,3.3947648000000004,239078817.35135135,1
w24,1,3,0,0.27525120000000003,237914608.0,1
w49,1,3,0,0.27525120000000003,236702488.33333334,1
w20,1,21,0,1.9267584000000002,236028238.2857143,1
w04,1,56,0,5.1380224000000005,235510611.73214287,1
w08,1,31,0,2.8442624000000003,234927578.16129032,1
w93,1,1,0,0.09175040000000001,234018882.0,1.0
w09,1,34,0,3.1195136000000003,233823343.0882353,1
w05,1,39,0,3.5782656000000004,233487979.97435898,1
w23,1,5,0,0.45875200000000005,233274752.4,1
w10,1,38,0,3.4865152000000004,232790865.47368422,1
w04,1,57,0,5.229772800000001,231392048.68421054,1
w61,1,2,0,0.18350080000000002,228807685.5,1
w81,1,1,0,0.09175040000000001,228624763.0,1.0
w08,1,32,0,2.9360128000000003,227590697.59375,1
w04,1,58,0,5.321523200000001,227415374.74137932,1
w09,1,35,0,3.2112640000000003,227163669.02857143,1
w20,1,22,0,2.0185088,225305723.04545453,1
w59,1,1,0,0.09175040000000001,223859389.0,1.0
w04,1,59,0,5.4132736,223573294.0338983,1
w51,1,2,0,0.18350080000000002,223282562.5,1
w05,1,41,0,3.7617664000000004,222103044.31707317,2
w10,1,40,0,3.6700160000000004,221157905.525,2
w43,1,4,0,0.36700160000000004,221057758.25,1
w09,1,36,0,3.3030144000000004,220872652.58333334,1
w08,1,33,0,3.0277632000000003,220696290.78787878,1
w15,1,2,0,0.18350080000000002,220490316.0,1
w42,1,2,0,0.18350080000000002,218799243.5,1
w01,1,9,0,0.8257536000000001,217544899.1111111,1
w53,1,6,0,0.5505024000000001,216290835.5,1
w04,1,61,0,5.596774400000001,216266943.6557377,2
w57,1,1,0,0.09175040000000001,215839823.0,1.0
w21,1,22,0,2.0185088,215381571.8181818,6
w09,1,37,0,3.3947648000000004,214920974.75675675,1
w06,1,8,0,0.7340032000000001,213140850.875,1
w04,1,62,0,5.688524800000001,212790036.19354838,1
w46,1,17,0,1.5597568000000002,212051777.4117647,2
w05,1,43,0,3.9452672000000004,211777147.6511628,2
w56,1,1,0,0.09175040000000001,210300238.0,1.0
w04,1,63,0,5.7802752,209423114.04761904,1
w09,1,38,0,3.4865152000000004,209281773.21052632,1
w26,1,5,0,0.45875200000000005,208647223.0,1
w08,1,35,0,3.2112640000000003,208089293.45714286,2
w65,1,3,0,0.27525120000000003,206695133.33333334,1
w20,1,24,0,2.2020096000000002,206540682.66666666,2
w21,1,23,0,2.1102592000000002,206019593.6956522,1
w09,1,39,0,3.5782656000000004,203931162.17948717,1
w32,1,2,0,0.18350080000000002,203307952.0,1
w04,1,65,0,5.963776000000001,202999726.8923077,2
w05,1,45,0,4.128768000000001,202368711.13333333,2
w64,1,4,0,0.36700160000000004,201178550.5,1
w37,1,1,0,0.09175040000000001,200442966.0,1.0
w04,1,66,0,6.055526400000001,199933647.6969697,1
w44,1,1,0,0.09175040000000001,199730381.0,1.0
w31,1,49,0,4.495769600000001,199503580.6530612,13
w09,1,40,0,3.6700160000000004,198848080.975,1
w20,1,25,0,2.2937600000000002,198283823.76,1
w21,1,24,0,2.2020096000000002,197437674.91666666,1
w04,1,67,0,6.1472768,196958843.98507464,1
w10,1,45,0,4.128768000000001,196599005.42222223,5
w01,1,10,0,0.9175040000000001,196150312.9,1
w99,1,1,0,0.09175040000000001,195516236.0,1.0
w09,1,41,0,3.7617664000000004,194012152.24390244,1
w05,1,47,0,4.3122688,193760869.91489363,2
w08,1,38,0,3.4865152000000004,191666417.34210527,3
w04,1,69,0,6.330777600000001,191267526.9710145,2
w06,1,9,0,0.8257536000000001,190102210.2222222,1
w46,1,19,0,1.7432576000000002,189754638.0526316,2
w05,1,48,0,4.4040192000000005,189725805.54166666,1
w21,1,25,0,2.2937600000000002,189542178.48,1
w09,1,42,0,3.8535168000000004,189406287.76190478,1
w10,1,47,0,4.3122688,188238257.3617021,2
w53,1,7,0,0.6422528000000001,185414743.7142857,1
w09,1,43,0,3.9452672000000004,185014008.5348837,1
w94,1,4,0,0.36700160000000004,184577966.25,3
w22,1,2,0,0.18350080000000002,184380256.0,1
w20,1,27,0,2.4772608000000003,183604506.4074074,2
w04,1,72,0,6.606028800000001,183322670.68055555,3
w21,1,26,0,2.3855104000000003,182253949.6153846,1
w25,1,13,0,1.1927552000000001,181893212.3846154,7
w09,1,44,0,4.0370176,180821179.0,1
w04,1,73,0,6.697779200000001,180819208.71232876,1
w10,1,49,0,4.495769600000001,180559965.6530612,2
w24,1,4,0,0.36700160000000004,178747141.75,1
w01,1,11,0,1.0092544,178602294.54545453,1
w05,1,51,0,4.6792704,178569929.37254903,3
w87,1,1,0,0.09175040000000001,178166935.0,1.0
w49,1,4,0,0.36700160000000004,177846622.75,1
w20,1,28,0,2.5690112000000003,177051190.89285713,1
w50,1,3,0,0.27525120000000003,176151225.66666666,2
w04,1,75,0,6.88128,176012052.69333333,2
w05,1,52,0,4.7710208000000005,175137245.19230768,1
w58,1,3,0,0.27525120000000003,173707282.33333334,1
w04,1,76,0,6.973030400000001,173703225.46052632,1
w09,1,46,0,4.2205184000000004,172981901.67391303,2
w77,1,1,0,0.09175040000000001,171911796.0,1.0
w05,1,53,0,4.862771200000001,171834033.96226415,1
w06,1,10,0,0.9175040000000001,171658917.1,1
w10,1,52,0,4.7710208000000005,170149036.30769232,3
w86,1,1,0,0.09175040000000001,169519356.0,1.0
w08,1,43,0,3.9452672000000004,169385957.97674417,5
w09,1,47,0,4.3122688,169311841.06382978,1
w21,1,28,0,2.5690112000000003,169239203.7142857,2
w82,1,1,0,0.09175040000000001,169159269.0,1.0
w105,1,1,0,0.09175040000000001,169055034.0,1.0
w05,1,54,0,4.9545216000000005,168653148.53703704,1
w38,1,2,0,0.18350080000000002,168237038.5,1
w09,1,48,0,4.4040192000000005,165794658.625,1
w05,1,55,0,5.046272,165587900.92727274,1
w08,1,44,0,4.0370176,165537367.5681818,1
w01,1,12,0,1.1010048000000001,163952768.08333334,1
w21,1,29,0,2.6607616000000003,163404991.93103448,1
w04,1,81,0,7.431782400000001,163013617.56790122,5
w05,1,56,0,5.1380224000000005,162632107.26785713,1
w104,1,1,0,0.09175040000000001,162491959.0,1.0
w09,1,49,0,4.495769600000001,162420360.16326532,1
w04,1,82,0,7.523532800000001,161031827.74390244,1
w64,1,5,0,0.45875200000000005,160973417.4,1
w63,1,2,0,0.18350080000000002,160578678.5,1
w45,1,2,0,0.18350080000000002,159311920.5,1
w10,1,56,0,5.1380224000000005,158002901.55357143,4
w21,1,30,0,2.7525120000000003,157959665.1,1
w04,1,84,0,7.707033600000001,157209354.0952381,2
w06,1,11,0,1.0092544,156477678.63636363,1
w09,1,51,0,4.6792704,156068225.50980392,2
w66,1,2,0,0.18350080000000002,155746251.0,1
w65,1,4,0,0.36700160000000004,155060887.75,1
w08,1,47,0,4.3122688,154974069.93617022,3
w05,1,59,0,5.4132736,154365789.01694915,3
w04,1,86,0,7.890534400000001,153564551.45348838,2
w09,1,52,0,4.7710208000000005,153075247.09615386,1
w21,1,31,0,2.8442624000000003,152865569.80645162,1
w04,1,87,0,7.9822848,151804945.1724138,1
w05,1,60,0,5.505024000000001,151793973.88333333,1
w01,1,13,0,1.1927552000000001,151533354.46153846,1
w09,1,53,0,4.862771200000001,150195126.0943396,1
w04,1,88,0,8.0740352,150085126.48863637,1
w52,1,1,0,0.09175040000000001,149935695.0,1.0
w39,1,2,0,0.18350080000000002,149761031.5,1
w51,1,3,0,0.27525120000000003,149689986.33333334,1
w05,1,61,0,5.596774400000001,149306436.24590164,1
w04,1,89,0,8.165785600000001,148403871.28089887,1
w94,1,5,0,0.45875200000000005,147705752.2,1
w10,1,60,0,5.505024000000001,147475743.2,4
w09,1,54,0,4.9545216000000005,147421591.33333334,1
w15,1,3,0,0.27525120000000003,147010457.0,1
w05,1,62,0,5.688524800000001,146899128.19354838,1
w47,1,2,0,0.18350080000000002,146237791.5,1
w42,1,3,0,0.27525120000000003,146055589.0,1
w10,1,61,0,5.596774400000001,145059587.47540984,1
w09,1,55,0,5.046272,144748829.36363637,1
w05,1,63,0,5.7802752,144568239.06349206,1
w06,1,12,0,1.1010048000000001,143742292.41666666,1
w04,1,92,0,8.441036800000001,143579319.25,3
w24,1,5,0,0.45875200000000005,143181109.6,1
w67,1,1,0,0.09175040000000001,142653097.0,1.0
w40,1,2,0,0.18350080000000002,142534406.5,1
w49,1,5,0,0.45875200000000005,142499358.2,1
w09,1,56,0,5.1380224000000005,142171495.23214287,1
w04,1,93,0,8.532787200000001,142040212.51612905,1
w62,1,1,0,0.09175040000000001,141901593.0,1.0
w11,1,23,0,2.1102592000000002,141487368.17391303,15
w97,1,1,0,0.09175040000000001,141380694.0,1.0
w01,1,14,0,1.2845056000000001,140877504.85714287,1
w10,1,63,0,5.7802752,140457119.7936508,2
w05,1,65,0,5.963776000000001,140121610.7846154,2
w98,1,1,0,0.09175040000000001,139789603.0,1.0
w09,1,57,0,5.229772800000001,139684400.0877193,1
w04,1,95,0,8.716288,139059031.83157894,2
w41,1,2,0,0.18350080000000002,138390287.0,1
w10,1,64,0,5.872025600000001,138263651.53125,1
w05,1,66,0,6.055526400000001,137999303.45454547,1
w04,1,96,0,8.808038400000001,137614937.10416666,1
w08,1,53,0,4.862771200000001,137434778.4528302,6
w09,1,58,0,5.321523200000001,137283016.03448275,1
w79,1,1,0,0.09175040000000001,137119663.0,1.0
w04,1,97,0,8.899788800000001,136200610.03092784,1
w05,1,67,0,6.1472768,135940328.49253732,1
w32,1,3,0,0.27525120000000003,135720912.0,1
w11,1,24,0,2.2020096000000002,135707419.875,1
w21,1,35,0,3.2112640000000003,135399701.7142857,4
w09,1,59,0,5.4132736,134962627.1355932,1
w08,1,54,0,4.9545216000000005,134890496.24074075,1
w04,1,98,0,8.991539200000002,134815064.90816328,1
w68,1,2,0,0.18350080000000002,134659325.0,1
w64,1,6,0,0.5505024000000001,134160263.0,1
w10,1,66,0,6.055526400000001,134076051.10606061,2
w04,1,99,0,9.0832896,133457395.82828283,1
w09,1,60,0,5.505024000000001,132719545.0,1
w04,1,100,0,9.175040000000001,132126849.99,1
w05,1,69,0,6.330777600000001,132001351.44927536,2
w01,1,15,0,1.3762560000000001,131629561.93333334,1
w72,1,1,0,0.09175040000000001,130922501.0,1.0
w58,1,4,0,0.36700160000000004,130774669.75,1
w09,1,61,0,5.596774400000001,130549643.49180327,1
w10,1,68,0,6.239027200000001,130134756.08823529,2
w53,1,10,0,0.9175040000000001,129834957.7,3
w04,1,102,0,9.3585408,129543930.11764705,2
w91,1,1,0,0.09175040000000001,129189246.0,1.0
w09,1,62,0,5.688524800000001,128449713.51612903,1
w04,1,103,0,9.4502912,128290014.02912621,1
w31,1,77,0,7.064780800000001,126962467.51948053,28
w09,1,63,0,5.7802752,126416381.53968254,1
w04,1,105,0,9.633792000000001,125853505.16190477,2
w11,1,26,0,2.3855104000000003,125476132.8076923,2
w31,1,78,0,7.156531200000001,125334939.62820514,1
w21,1,38,0,3.4865152000000004,124713155.57894737,3
w09,1,64,0,5.872025600000001,124446511.953125,1
w65,1,5,0,0.45875200000000005,124075732.4,1
w01,1,16,0,1.4680064000000002,123522971.9375,1
w88,1,1,0,0.09175040000000001,123168586.0,1.0
w31,1,80,0,7.340032000000001,122201941.65,2
w92,1,2,0,0.18350080000000002,122106100.0,1
w80,1,1,0,0.09175040000000001,122074305.0,1.0
w21,1,39,0,3.5782656000000004,121516147.15384616,1
w11,1,27,0,2.4772608000000003,120926350.81481482,1
w09,1,66,0,6.055526400000001,120685817.54545455,2
w46,1,30,0,2.7525120000000003,120250263.0,11
w04,1,110,0,10.092544,120149723.32727273,5
w24,1,6,0,0.5505024000000001,119434375.16666667,1
w49,1,6,0,0.5505024000000001,118912564.83333333,1
w09,1,67,0,6.1472768,118889447.53731343,1
w05,1,77,0,7.064780800000001,118291377.63636364,8
w53,1,11,0,1.0092544,118044599.0,1
w04,1,112,0,10.276044800000001,118010601.875,2
w09,1,68,0,6.239027200000001,117145831.98529412,1
w03,1,107,0,9.8172928,116916323.93457943,67
w11,1,28,0,2.5690112000000003,116699381.82142857,1
w46,1,31,0,2.8442624000000003,116376821.90322581,1
w01,1,17,0,1.5597568000000002,116357910.70588236,1
w96,1,1,0,0.09175040000000001,115962590.0,1.0
w04,1,114,0,10.459545600000002,115946298.5,2
w03,1,108,0,9.909043200000001,115837493.80555555,1
w21,1,41,0,3.7617664000000004,115589955.14634146,2
w09,1,69,0,6.330777600000001,115452567.68115942,1
w04,1,115,0,10.551296,114941035.94782609,1
w03,1,109,0,10.000793600000002,114778335.94495413,1
w81,1,2,0,0.18350080000000002,114494909.5,1
w04,1,116,0,10.643046400000001,113953089.87931034,1
w09,1,70,0,6.422528000000001,113807586.97142857,1
w38,1,3,0,0.27525120000000003,112986228.0,1
w04,1,117,0,10.734796800000002,112982012.63247864,1
w21,1,42,0,3.8535168000000004,112838439.42857143,1
w11,1,29,0,2.6607616000000003,112758091.55172414,1
w03,1,111,0,10.1842944,112716996.7927928,2
w59,1,2,0,0.18350080000000002,112513372.0,1
w51,1,4,0,0.36700160000000004,112480668.0,1
w09,1,71,0,6.5142784,112208893.36619718,1
w04,1,118,0,10.8265472,112027348.89830509,1
w03,1,112,0,10.276044800000001,111713717.91964285,1
w95,1,1,0,0.09175040000000001,111603723.0,1.0
w04,1,119,0,10.9182976,111088708.44537815,1
w05,1,82,0,7.523532800000001,111080951.18292683,5
w03,1,113,0,10.367795200000002,110728127.25663717,1
w09,1,72,0,6.606028800000001,110654546.72222222,1
w15,1,4,0,0.36700160000000004,110266464.25,1
w01,1,18,0,1.6515072000000002,109984232.5,1
w03,1,114,0,10.459545600000002,109759712.4736842,1
w05,1,83,0,7.6152832,109743107.43373494,1
w46,1,33,0,3.0277632000000003,109332990.27272727,2
w10,1,81,0,7.431782400000001,109259632.0,13
w09,1,73,0,6.697779200000001,109142581.36986302,1
w11,1,30,0,2.7525120000000003,109072973.06666666,1
w57,1,2,0,0.18350080000000002,108930910.0,1
w03,1,115,0,10.551296,108808112.85217391,1
w04,1,122,0,11.193548800000002,108364831.58196722,3
w03,1,116,0,10.643046400000001,107872751.86206897,1
w04,1,123,0,11.2852992,107486295.300813,1
w63,1,3,0,0.27525120000000003,107200356.33333333,1
w03,1,117,0,10.734796800000002,106953351.12820514,1
w56,1,2,0,0.18350080000000002,106385130.5,1
w09,1,75,0,6.88128,106239372.65333334,2
w46,1,34,0,3.1195136000000003,106121347.20588236,1
w11,1,31,0,2.8442624000000003,105624014.58064516,1
w03,1,119,0,10.9182976,105160769.38655463,2
w58,1,5,0,0.45875200000000005,104990340.0,1
w05,1,87,0,7.9822848,104699198.83908045,4
w83,1,1,0,0.09175040000000001,104575644.0,1.0
w26,1,10,0,0.9175040000000001,104530701.0,5
w03,1,120,0,11.010048000000001,104286825.65,1
w01,1,19,0,1.7432576000000002,104275602.5263158,1
w04,1,127,0,11.6523008,104110438.75590551,4
w66,1,3,0,0.27525120000000003,104099377.66666667,1
w74,1,1,0,0.09175040000000001,103779498.0,1.0
w05,1,88,0,8.0740352,103509845.13636364,1
w03,1,121,0,11.101798400000002,103427294.63636364,1
w65,1,6,0,0.5505024000000001,103416162.5,1
w04,1,128,0,11.744051200000001,103299391.359375,1
w03,1,122,0,11.193548800000002,102581795.23770492,1
w04,1,129,0,11.835801600000002,102500863.36434108,1
w24,1,7,0,0.6422528000000001,102450012.57142857,1
w11,1,32,0,2.9360128000000003,102387828.71875,1
w09,1,78,0,7.156531200000001,102163288.3076923,3
w49,1,7,0,0.6422528000000001,102056490.57142857,1
w32,1,4,0,0.36700160000000004,101865260.25,1
w03,1,123,0,11.2852992,101749982.98373984,1
w37,1,2,0,0.18350080000000002,101017779.5,1
w04,1,131,0,12.0193024,100940226.84732825,2
w03,1,124,0,11.377049600000001,100931564.0,1
w09,1,79,0,7.2482816,100873320.3670886,1
w31,1,97,0,8.899788800000001,100787590.35051547,17
w55,1,1,0,0.09175040000000001,100573864.0,1.0
w44,1,2,0,0.18350080000000002,99967469.5,1
w89,1,1,0,0.09175040000000001,99610803.0,1.0
w03,1,126,0,11.5605504,99333688.92063493,2
w01,1,20,0,1.8350080000000002,99135937.6,1
w03,1,127,0,11.6523008,98553604.5984252,1
w09,1,81,0,7.431782400000001,98388846.90123457,2
w99,1,2,0,0.18350080000000002,97793378.0,1
w03,1,128,0,11.744051200000001,97785614.0390625,1
w04,1,136,0,12.478054400000001,97239349.52941176,5
w09,1,82,0,7.523532800000001,97192044.25609756,1
w05,1,94,0,8.6245376,96904938.21276596,6
w71,1,1,0,0.09175040000000001,96822693.0,1.0
w04,1,137,0,12.569804800000002,96531557.44525547,1
w11,1,34,0,3.1195136000000003,96486064.44117647,2
w03,1,130,0,11.927552000000002,96284975.5,2
w09,1,83,0,7.6152832,96023977.03614458,1
w05,1,95,0,8.716288,95885233.18947369,1
w04,1,138,0,12.661555200000002,95834013.77536231,1
w03,1,131,0,12.0193024,95551829.99236642,1
w54,1,52,0,4.7710208000000005,95226484.13461539,49
w04,1,139,0,12.753305600000001,95146481.92805755,1
w26,1,11,0,1.0092544,95063008.36363636,1
w09,1,84,0,7.707033600000001,94883620.91666667,1
w03,1,132,0,12.111052800000001,94829781.97727273,1
w25,1,25,0,2.2937600000000002,94658926.68,12
w01,1,21,0,1.9267584000000002,94480717.42857143,1
w04,1,140,0,12.845056000000001,94468678.47142857,1
w03,1,133,0,12.202803200000002,94118584.90977444,1
w85,1,3,0,0.27525120000000003,93828427.33333333,2
w54,1,53,0,4.862771200000001,93438176.28301887,1
w03,1,134,0,12.2945536,93417899.20895523,1
w04,1,142,0,13.0285568,93141689.12676056,2
w09,1,86,0,7.890534400000001,92682324.04651164,2
w41,1,3,0,0.27525120000000003,92317812.0,1
w03,1,136,0,12.478054400000001,92047388.96323529,2
w03,1,137,0,12.569804800000002,91377129.98540147,1
w11,1,36,0,3.3030144000000004,91236994.16666667,2
w04,1,145,0,13.303808000000002,91219797.34482759,3
w05,1,100,0,9.175040000000001,91092495.49,5
w14,1,60,0,5.505024000000001,90822503.96666667,46
w03,1,138,0,12.661555200000002,90716549.42753623,1
w73,1,1,0,0.09175040000000001,90283368.0,1.0
w01,1,22,0,2.0185088,90247473.0,1
w46,1,40,0,3.6700160000000004,90223241.5,6
w51,1,5,0,0.45875200000000005,90144065.0,1
w54,1,55,0,5.046272,90054805.47272727,2
w24,1,8,0,0.7340032000000001,89698578.375,1
w09,1,89,0,8.165785600000001,89565751.62921348,3
w87,1,2,0,0.18350080000000002,89449646.5,1
w49,1,8,0,0.7340032000000001,89389615.0,1
w65,1,7,0,0.6422528000000001,88659162.0,1
w09,1,90,0,8.257536000000002,88572966.24444444,1
w54,1,56,0,5.1380224000000005,88453669.44642857,1
w28,1,10,0,0.9175040000000001,88376101.4,8
w14,1,62,0,5.688524800000001,87906766.16129032,2
w58,1,6,0,0.5505024000000001,87702905.66666667,1
w06,1,20,0,1.8350080000000002,87638775.55,8
w09,1,91,0,8.3492864,87601973.78021978,1
w26,1,12,0,1.1010048000000001,87170632.08333333,1
w05,1,105,0,9.633792000000001,86756121.32380952,5
w14,1,63,0,5.7802752,86517924.84126984,1
w01,1,23,0,2.1102592000000002,86381954.39130434,1
w77,1,2,0,0.18350080000000002,86139467.5,1
w09,1,93,0,8.532787200000001,85722369.84946236,2
w54,1,58,0,5.321523200000001,85414945.87931034,2
w38,1,4,0,0.36700160000000004,85197776.5,1
w14,1,64,0,5.872025600000001,85171884.140625,1
w09,1,94,0,8.6245376,84812558.36170213,1
w04,1,156,0,14.313062400000002,84804866.76282051,11
w86,1,2,0,0.18350080000000002,84797530.0,1
w11,1,39,0,3.5782656000000004,84365649.92307693,3
w09,1,95,0,8.716288,83921850.61052631,1
w14,1,65,0,5.963776000000001,83867179.2,1
w06,1,21,0,1.9267584000000002,83602824.0,1
w04,1,159,0,14.588313600000001,83209218.3899371,3
w09,1,96,0,8.808038400000001,83049681.77083333,1
w01,1,24,0,2.2020096000000002,82834931.20833333,1
w04,1,160,0,14.680064000000002,82690611.55625,1
w14,1,66,0,6.055526400000001,82601700.48484848,1
w11,1,40,0,3.6700160000000004,82300893.975,1
w04,1,161,0,14.771814400000002,82178438.88198757,1
w31,1,119,0,10.9182976,82156506.84873949,22
w04,1,162,0,14.863564800000002,81672546.70987654,1
w32,1,5,0,0.45875200000000005,81529577.4,1
w14,1,67,0,6.1472768,81373811.88059701,1
w09,1,98,0,8.991539200000002,81358733.51020408,2
w54,1,61,0,5.596774400000001,81228676.19672132,3
w53,1,16,0,1.4680064000000002,81192259.75,5
w04,1,163,0,14.955315200000001,81172849.398773,1
w04,1,164,0,15.047065600000002,80679227.10365854,1
w09,1,99,0,9.0832896,80538879.65656565,1
w63,1,4,0,0.36700160000000004,80499761.25,1
w26,1,13,0,1.1927552000000001,80489824.84615384,1
w04,1,165,0,15.138816000000002,80191585.8,1
w14,1,68,0,6.239027200000001,80181447.70588236,1
w06,1,22,0,2.0185088,79896466.5909091,1
w24,1,9,0,0.8257536000000001,79770694.0,1
w01,1,25,0,2.2937600000000002,79571245.8,1
w14,1,69,0,6.330777600000001,79023634.01449275,1
w09,1,101,0,9.266790400000001,78947748.27722773,2
w04,1,168,0,15.414067200000002,78763488.13690476,3
w23,1,15,0,1.3762560000000001,78489836.53333333,10
w11,1,42,0,3.8535168000000004,78465780.85714285,2
w09,1,102,0,9.3585408,78175578.78431372,1
w93,1,3,0,0.27525120000000003,78052441.66666667,2
w76,1,1,0,0.09175040000000001,78019642.0,1.0
w09,1,103,0,9.4502912,77418378.67961165,1
w05,1,118,0,10.8265472,77201106.51694915,13
w11,1,43,0,3.9452672000000004,76681215.53488372,1
w09,1,104,0,9.542041600000001,76675706.9423077,1
w01,1,26,0,2.3855104000000003,76558047.07692307,1
w06,1,23,0,2.1102592000000002,76494382.47826087,1
w81,1,3,0,0.27525120000000003,76367789.0,1
w54,1,65,0,5.963776000000001,76247367.75384615,4
w04,1,174,0,15.9645696,76054885.02298851,6
w09,1,105,0,9.633792000000001,75947116.84761904,1
w04,1,175,0,16.056320000000003,75621508.50285715,1
w58,1,7,0,0.6422528000000001,75323963.57142857,1
w59,1,3,0,0.27525120000000003,75258924.0,1
w31,1,130,0,11.927552000000002,75205551.31538461,11
w52,1,2,0,0.18350080000000002,75201480.5,1
w04,1,176,0,16.1480704,75193052.50568181,1
w51,1,6,0,0.5505024000000001,75177632.66666667,1
w54,1,66,0,6.055526400000001,75095703.72727273,1
w11,1,44,0,4.0370176,74976142.04545455,1
w26,1,14,0,1.2845056000000001,74760352.92857143,1
w14,1,73,0,6.697779200000001,74708507.34246576,4
w05,1,122,0,11.193548800000002,74670719.74590164,4
w31,1,131,0,12.0193024,74631525.870229,1
w09,1,107,0,9.8172928,74530712.78504673,2
w54,1,67,0,6.1472768,73977879.14925373,1
w09,1,108,0,9.909043200000001,73842180.94444445,1
w01,1,27,0,2.4772608000000003,73767843.2962963,1
w14,1,74,0,6.789529600000001,73702469.54054055,1
w28,1,12,0,1.1010048000000001,73693505.0,2
w23,1,16,0,1.4680064000000002,73638445.4375,1
w06,1,24,0,2.2020096000000002,73361655.45833333,1
w54,1,68,0,6.239027200000001,72892553.16176471,1
w57,1,3,0,0.27525120000000003,72876985.66666667,1
w29,1,5,0,0.45875200000000005,72866572.2,4
w04,1,182,0,16.6985728,72721027.52747253,6
w09,1,110,0,10.092544,72502576.50909092,2
w04,1,184,0,16.882073600000002,71932831.60869566,2
w31,1,136,0,12.478054400000001,71888016.0514706,5
w09,1,111,0,10.1842944,71850864.74774775,1
w54,1,69,0,6.330777600000001,71838465.55072464,1
w24,1,10,0,0.9175040000000001,71821424.0,1
w11,1,46,0,4.2205184000000004,71786168.7173913,2
w14,1,76,0,6.973030400000001,71769706.44736843,2
w49,1,10,0,0.9175040000000001,71629098.0,2
w04,1,185,0,16.973824,71545108.4972973,1
w56,1,3,0,0.27525120000000003,71266946.0,1
w09,1,112,0,10.276044800000001,71210784.59821428,1
w01,1,28,0,2.5690112000000003,71175776.92857143,1
w05,1,128,0,11.744051200000001,71171661.3984375,6
w04,1,186,0,17.065574400000003,71161551.51612903,1
w62,1,2,0,0.18350080000000002,71105365.0,1
w14,1,77,0,7.064780800000001,70840790.01298702,1
w54,1,70,0,6.422528000000001,70814445.92857143,1
w97,1,2,0,0.18350080000000002,70798079.5,1
w04,1,187,0,17.1573248,70782067.79679145,1
w09,1,113,0,10.367795200000002,70582026.81415929,1
w06,1,25,0,2.2937600000000002,70467673.28,1
w85,1,4,0,0.36700160000000004,70380558.75,1
w31,1,139,0,12.753305600000001,70336631.1294964,3
w11,1,47,0,4.3122688,70292863.53191489,1
w04,1,189,0,17.340825600000002,70035117.87301587,2
w98,1,2,0,0.18350080000000002,70001615.0,1
w09,1,114,0,10.459545600000002,69964226.29824561,1
w54,1,71,0,6.5142784,69819016.91549295,1
w90,1,5,0,0.45875200000000005,69728895.2,4
w09,1,115,0,10.551296,69357151.0,1
w23,1,17,0,1.5597568000000002,69348323.76470588,1
w04,1,191,0,17.524326400000003,69303792.7486911,2
w14,1,79,0,7.2482816,69052702.87341772,2
w65,1,9,0,0.8257536000000001,68979288.44444445,2
w11,1,48,0,4.4040192000000005,68859694.5,1
w54,1,72,0,6.606028800000001,68851183.58333333,1
w09,1,116,0,10.643046400000001,68760537.61206897,1
w01,1,29,0,2.6607616000000003,68758181.34482759,1
w04,1,193,0,17.7078272,68587597.84455958,2
w05,1,133,0,12.202803200000002,68496884.66165413,5
w38,1,5,0,0.45875200000000005,68405758.6,1
w53,1,19,0,1.7432576000000002,68389978.05263157,3
w04,1,194,0,17.799577600000003,68235030.85567011,1
w14,1,80,0,7.340032000000001,68192147.925,1
w09,1,117,0,10.734796800000002,68174118.07692307,1
w28,1,13,0,1.1927552000000001,68042865.23076923,1
w32,1,6,0,0.5505024000000001,67965895.66666667,1
w54,1,73,0,6.697779200000001,67909855.08219178,1
w04,1,195,0,17.891328,67886077.73333333,1
w06,1,26,0,2.3855104000000003,67792238.96153846,1
w37,1,3,0,0.27525120000000003,67629821.0,1
w09,1,118,0,10.8265472,67597623.09322034,1
w14,1,81,0,7.431782400000001,67352721.04938272,1
w09,1,119,0,10.9182976,67030800.63865546,1
w54,1,74,0,6.789529600000001,66993668.45945946,1
w44,1,3,0,0.27525120000000003,66671036.666666664,1
w04,1,199,0,18.258329600000003,66525306.30150754,4
w58,1,8,0,0.7340032000000001,66006470.625,1
w09,1,121,0,11.101798400000002,65925208.61983471,2
w14,1,83,0,7.6152832,65734499.65060241,2
w72,1,2,0,0.18350080000000002,65685656.5,1
w04,1,202,0,18.533580800000003,65540088.56930693,3
w23,1,18,0,1.6515072000000002,65531465.166666664,1
w09,1,122,0,11.193548800000002,65385954.17213115,1
w24,1,11,0,1.0092544,65313043.09090909,1
w06,1,27,0,2.4772608000000003,65309342.333333336,1
w54,1,76,0,6.973030400000001,65233497.065789476,2
w99,1,3,0,0.27525120000000003,65209659.333333336,1
w49,1,11,0,1.0092544,65164242.72727273,1
w14,1,84,0,7.707033600000001,64954190.690476194,1
w91,1,2,0,0.18350080000000002,64785821.0,1
w51,1,7,0,0.6422528000000001,64473906.428571425,1
w54,1,77,0,7.064780800000001,64387569.72727273,1
w09,1,125,0,11.468800000000002,63819921.8,3
w05,1,143,0,13.120307200000001,63708418.33566434,10
w04,1,208,0,19.084083200000002,63654797.40865385,6
w14,1,86,0,7.890534400000001,63447846.10465116,2
w04,1,209,0,19.1758336,63351106.16267943,1
w15,1,7,0,0.6422528000000001,63021535.28571428,3
w06,1,28,0,2.5690112000000003,62998882.928571425,1
w14,1,87,0,7.9822848,62720636.551724136,1
w23,1,19,0,1.7432576000000002,62109769.684210524,1
w65,1,10,0,0.9175040000000001,62088620.4,1
w88,1,2,0,0.18350080000000002,61797225.5,1
w11,1,54,0,4.9545216000000005,61374151.18518519,6
w14,1,89,0,8.165785600000001,61315097.95505618,2
w80,1,2,0,0.18350080000000002,61221511.0,1
w04,1,218,0,20.001587200000003,60743141.91743119,9
w09,1,132,0,12.111052800000001,60442570.89393939,7
w05,1,151,0,13.854310400000001,60334190.28476821,8
w04,1,220,0,20.185088,60192540.85909091,2
w14,1,91,0,8.3492864,59971264.81318682,2
w05,1,152,0,13.946060800000001,59937385.118421055,1
w24,1,12,0,1.1010048000000001,59886166.833333336,1
w75,1,5,0,0.45875200000000005,59849679.2,4
w87,1,3,0,0.27525120000000003,59749536.0,1
w04,1,222,0,20.3685888,59651848.31531531,2
w09,1,134,0,12.2945536,59542353.46268657,2
w14,1,92,0,8.441036800000001,59321233.80434783,1
w11,1,56,0,5.1380224000000005,59234737.625,2
w04,1,225,0,20.64384,58858768.65777778,3
w06,1,30,0,2.7525120000000003,58837659.4,2
w58,1,9,0,0.8257536000000001,58742959.777777776,1
w09,1,136,0,12.478054400000001,58668594.27205882,2
w27,1,6,0,0.5505024000000001,58639800.833333336,5
w96,1,2,0,0.18350080000000002,58513706.0,1
w32,1,7,0,0.6422528000000001,58274482.85714286,1
w09,1,137,0,12.569804800000002,58241272.83941606,1
w09,1,138,0,12.661555200000002,57820135.43478261,1
w106,1,1,0,0.09175040000000001,57730615.0,1.0
w82,1,3,0,0.27525120000000003,57491801.0,2
w77,1,3,0,0.27525120000000003,57475762.0,1
w81,1,4,0,0.36700160000000004,57298974.25,1
w11,1,57,0,5.229772800000001,57241714.12068965,1
w11,2,57,1,5.231308800000001,57241714.12068965,1
w38,2,5,1,0.46028800000000003,57142364.666666664,1
w09,2,138,2,12.664627200000002,56995906.3,2
w06,2,30,1,2.7540480000000005,56958094.58064516,1
w09,2,138,3,12.666163200000002,56592516.4822695,1
w59,2,3,1,0.2767872,56576788.5,1
w65,2,10,1,0.9190400000000001,56450487.45454545,1
w51,2,7,1,0.6437888,56440504.875,1
w11,2,57,2,5.232844800000001,56295674.93220339,1
w09,2,138,4,12.667699200000003,56194787.71830986,1
w95,2,1,1,0.0932864,56014720.0,1
w04,2,225,13,20.663808,55652994.457983196,13
w04,2,225,14,20.665344,55420831.36820084,1
w09,2,138,6,12.670771200000003,55415880.597222224,2
w24,2,12,1,1.1025408,55293288.615384616,1
w49,2,11,2,1.0123264,55207470.461538464,2
w06,2,30,2,2.7555840000000003,55194339.125,1
w04,2,225,15,20.666880000000003,55190599.46666667,1
w04,2,225,16,20.668416,54962269.5186722,1
w14,2,92,8,8.4533248,54588284.81,8
w09,2,138,9,12.675379200000002,54287218.93197279,3
w53,2,19,5,1.7509376,54161262.625,5
w01,2,29,8,2.6730496,54112174.81081081,8
w14,2,92,9,8.4548608,54049370.04950495,1
w04,2,225,21,20.676096,53848460.06910569,5
w64,2,6,9,0.5643264,53714017.93333333,9
w04,2,225,22,20.677632,53631093.591093116,1
w56,2,3,1,0.2767872,53594839.75,1
w06,2,30,3,2.7571200000000005,53536531.303030305,1
w14,2,92,10,8.4563968,53520879.23529412,1
w09,2,138,12,12.679987200000003,53203696.92,3
w14,2,92,11,8.4579328,53002605.96116505,1
w58,2,9,1,0.8272896000000001,52922718.4,1
w11,2,57,6,5.238988800000001,52810287.71428572,4
w54,2,77,17,7.0908928000000016,52757788.30851064,17
w01,2,29,9,2.6745856000000003,52712189.55263158,1
w14,2,92,12,8.459468800000002,52494286.490384616,1
w26,2,14,6,1.2937216,52413023.6,6
w29,2,5,2,0.46182400000000007,52332244.571428575,2
w11,2,57,7,5.240524800000001,52006376.609375,1
w06,2,30,4,2.758656,51975072.5882353,1
w65,2,10,2,0.9205760000000001,51751780.25,1
w04,2,225,32,20.692992,51550409.16731518,10
w14,2,92,14,8.462540800000001,51506374.96226415,2
w01,2,29,10,2.6761216,51380633.20512821,1
w24,2,12,2,1.1040768,51353914.5,1
w04,2,225,33,20.694528000000002,51351204.666666664,1
w49,2,11,3,1.0138624,51292639.28571428,1
w14,2,92,15,8.4640768,51026204.14953271,1
w37,2,3,1,0.2767872,50842450.75,1
w11,2,57,9,5.243596800000001,50470443.34848485,2
w27,2,6,1,0.5520384,50365478.571428575,1
w64,2,6,10,0.5658624000000001,50360164.25,1
w04,2,225,39,20.703744,50187612.40530303,6
w51,2,7,2,0.6453248,50186079.88888889,1
w75,2,5,1,0.46028800000000003,50127978.0,1
w01,2,29,11,2.6776576000000003,50115037.075,1
w44,2,3,1,0.2767872,50019334.25,1
w26,2,14,7,1.2952576000000002,49929171.0952381,1
w09,2,138,22,12.695347200000002,49885251.75625,10
w89,2,1,1,0.0932864,49857908.5,1
w04,2,225,42,20.708352,49625415.88014981,3
w09,2,138,23,12.696883200000002,49576065.60248447,1
w14,2,92,19,8.470220800000002,49192014.27027027,4
w06,2,30,6,2.761728,49109706.25,2
w38,2,5,2,0.46182400000000007,49069822.85714286,1
w11,2,57,11,5.246668800000001,49024656.205882356,2
w15,2,7,2,0.6453248,49021666.44444445,2
w42,2,3,6,0.28446720000000003,48980220.44444445,6
w01,2,29,12,2.6791936,48911057.780487806,1
w09,2,138,26,12.701491200000003,48671122.17073171,3
w71,2,1,1,0.0932864,48564279.5,1
w03,2,138,121,12.847411200000002,48434805.47104247,121
w14,2,92,21,8.473292800000001,48323452.336283185,2
w54,2,77,26,7.104716800000001,48154359.504854366,9
w53,2,19,8,1.7555456000000003,48152478.2962963,3
w24,2,12,3,1.1056128,47938393.6,1
w49,2,11,4,1.0153984,47897650.733333334,1
w03,2,138,124,12.852019200000003,47882638.92366412,3
w04,2,225,52,20.723712000000003,47839335.53429603,10
w65,2,10,3,0.922112,47775294.307692304,1
w01,2,29,13,2.6807296000000003,47763301.23809524,1
w03,2,138,125,12.853555200000002,47701369.61596958,1
w54,2,77,27,7.106252800000001,47691984.038461536,1
w26,2,14,8,1.2967936000000002,47670859.36363637,1
w04,2,225,53,20.725248,47667791.679856114,1
w62,2,2,1,0.18503680000000003,47472272.666666664,1
w64,2,6,11,0.5673984000000001,47399985.11764706,1
w04,2,225,55,20.72832,47328346.81428572,2
w09,2,138,31,12.709171200000002,47234186.43195266,5
w97,2,2,1,0.18503680000000003,47231925.666666664,1
w03,2,138,128,12.858163200000002,47165562.830827065,3
w04,2,225,56,20.729856,47160427.58362989,1
w14,2,92,24,8.4779008,47076760.594827585,3
w09,2,138,32,12.710707200000002,46956935.90588235,1
w93,2,3,2,0.27832320000000005,46847272.2,2
w04,2,225,58,20.732928,46828141.55477032,2
w98,2,2,1,0.18503680000000003,46701350.666666664,1
w09,2,138,33,12.712243200000001,46682924.46198831,1
w03,2,138,131,12.862771200000003,46641695.12639405,3
w06,2,30,8,2.7648,46542976.421052635,2
w03,2,138,132,12.864307200000002,46469647.84074074,1
w53,2,19,9,1.7570816000000002,46435346.428571425,1
w09,2,138,34,12.713779200000003,46412088.03488372,1
w04,2,225,61,20.737536000000002,46338384.926573426,3
w09,2,138,35,12.715315200000003,46144374.06358381,1
w04,2,225,63,20.740608,46017539.715277776,2
w03,2,138,135,12.868915200000002,45961044.61904762,3
w29,2,5,3,0.46336000000000005,45911945.0,1
w14,2,92,27,8.482508800000002,45892782.97478992,3
w03,2,138,136,12.870451200000002,45793965.4270073,1
w11,2,57,16,5.254348800000001,45756051.06849315,5
w04,2,225,65,20.74368,45701113.43448276,2
w01,2,29,15,2.6838016000000002,45623196.56818182,2
w04,2,225,66,20.745216,45544526.65979382,1
w04,2,225,67,20.746752,45389009.45547945,1
w09,2,138,38,12.719923200000002,45359482.99431818,3
w59,2,3,2,0.27832320000000005,45339122.6,1
w73,2,1,1,0.0932864,45285768.5,1
w04,2,225,68,20.748288000000002,45234546.590443686,1
w11,2,57,17,5.255884800000001,45155183.12162162,1
w68,2,2,4,0.18964480000000003,45145702.0,4
w09,2,138,39,12.721459200000002,45103740.92090396,1
w49,2,11,5,1.0169344,44926101.0625,1
w87,2,3,1,0.2767872,44880790.0,1
w09,2,138,40,12.722995200000002,44850862.140449435,1
w04,2,225,71,20.752896,44777413.824324325,3
w01,2,29,16,2.6853376000000004,44623279.86666667,1
w03,2,138,144,12.882739200000001,44499929.86879433,8
w04,2,225,73,20.755968,44477766.98322148,2
w65,2,10,4,0.9236480000000001,44366772.428571425,1
w03,2,138,145,12.884275200000003,44343301.0459364,1
w54,2,77,35,7.118540800000001,44289656.46428572,8
w58,2,9,3,0.8303616,44188504.0,2
w03,2,138,146,12.885811200000003,44187755.94014084,1
w04,2,225,75,20.759040000000002,44182095.61,2
w27,2,6,2,0.5535744,44151120.125,1
w15,2,7,3,0.6468608,44121628.7,1
w42,2,3,7,0.2860032,44120873.1,1
w09,2,138,43,12.727603200000003,44108965.668508284,3
w57,2,3,2,0.27832320000000005,43911623.2,2
w26,2,14,10,1.2998656000000002,43716588.583333336,2
w01,2,29,17,2.6868736,43666090.717391305,1
w03,2,138,150,12.891955200000002,43576334.05555555,4
w30,2,1,11,0.1086464,43425876.416666664,11
w82,2,3,1,0.2767872,43415098.25,1
w09,2,138,46,12.732211200000002,43391223.99456522,3
w53,2,19,11,1.7601536000000002,43344355.5,2
w04,2,225,82,20.769792000000002,43177570.661237784,7
w75,2,5,2,0.46182400000000007,43169061.71428572,1
w06,2,30,11,2.7694080000000003,43158434.17073171,3
w09,2,138,47,12.733747200000002,43157149.151351355,1
w03,2,138,153,12.896563200000003,43128772.577319585,3
w34,2,1,36,0.14704640000000002,43100879.27027027,36
w04,2,225,83,20.771328,43037782.396103896,1
w38,2,5,3,0.46336000000000005,42993410.875,1
w56,2,3,2,0.27832320000000005,42989192.8,1
w11,2,57,21,5.262028800000001,42904704.897435896,4
w04,2,225,84,20.772864000000002,42898888.37216829,1
w04,2,225,85,20.7744,42760889.661290325,1
w01,2,29,18,2.6884096000000004,42748886.42553192,1
w09,2,138,49,12.736819200000003,42696481.941176474,2
w14,2,92,36,8.496332800000001,42673728.2109375,9
w04,2,225,87,20.777472,42487541.98397436,2
w86,2,2,2,0.1865728,42426934.5,2
w105,2,1,3,0.09635840000000001,42385348.5,3
w04,2,225,88,20.779008,42352172.12140575,1
w14,2,92,37,8.497868800000001,42343763.224806204,1
w24,2,12,5,1.1086848,42312154.47058824,2
w49,2,11,6,1.0184704,42301100.0,1
w03,2,138,159,12.905779200000001,42260756.040404044,6
w04,2,225,89,20.780544000000003,42217664.46496815,1
w28,2,13,8,1.2050432000000002,42199481.71428572,8
w06,2,30,12,2.770944,42137244.690476194,1
w03,2,138,160,12.907315200000003,42119467.026845634,1
w20,2,28,90,2.7072512000000004,42094200.97457627,90
w09,2,138,52,12.741427200000002,42023652.37368421,3
w14,2,92,38,8.4994048,42018856.0,1
w34,2,1,37,0.1485824,41981752.7631579,1
w26,2,14,11,1.3014016000000002,41976339.6,1
w53,2,19,12,1.7616896000000002,41948092.03225806,1
w03,2,138,165,12.914995200000002,41426991.99009901,5
w09,2,138,55,12.746035200000001,41371683.86528497,3
w54,2,77,43,7.1308288000000015,41339970.96666667,8
w04,2,225,96,20.791296,41299560.23052959,7
w03,2,138,166,12.916531200000001,41291230.026315786,1
w06,2,30,13,2.7724800000000003,41162534.76744186,1
w14,2,92,41,8.504012800000002,41073356.43609022,3
w01,2,29,20,2.6914816000000004,41025205.87755102,2
w54,2,77,44,7.132364800000001,40998608.61157025,1
w80,2,2,1,0.18503680000000003,40923256.333333336,1
w04,2,225,99,20.795904,40918219.583333336,3
w29,2,5,4,0.46489600000000003,40910453.0,1
w11,2,57,25,5.268172800000001,40873098.951219514,4
w58,2,9,4,0.8318976000000001,40825500.84615385,1
w14,2,92,42,8.505548800000001,40767575.71641791,1
w92,2,2,4,0.18964480000000003,40764565.333333336,4
w37,2,3,2,0.27832320000000005,40725279.8,1
w53,2,19,13,1.7632256000000002,40639078.84375,1
w09,2,138,59,12.752179200000002,40533267.97461929,4
w03,2,138,172,12.925747200000002,40494951.27741936,6
w03,2,138,173,12.927283200000002,40365223.36334405,1
w09,2,138,60,12.753715200000002,40328957.02020202,1
w04,2,225,104,20.803584,40298080.32218845,5
w01,2,29,21,2.6930176,40214234.7,1
w30,2,1,12,0.11018240000000001,40181643.307692304,1
w04,2,225,105,20.805120000000002,40176300.36969697,1
w42,2,3,8,0.28753920000000005,40135520.90909091,1
w09,2,138,61,12.755251200000002,40126696.5879397,1
w49,2,11,7,1.0200064000000002,39966418.61111111,1
w24,2,12,6,1.1102208,39966100.5,1
w11,2,57,27,5.271244800000001,39929361.03571428,2
w09,2,138,62,12.756787200000002,39926449.7,1
w03,2,138,177,12.933427200000002,39854547.8,4
w20,2,28,97,2.7180032,39742944.216,7
w04,2,225,109,20.811264,39696437.88922156,4
w03,2,138,179,12.936499200000002,39604041.67192429,2
w20,2,28,98,2.7195392000000003,39428324.26190476,1
w03,2,138,181,12.939571200000001,39356665.956112854,2
w09,2,138,65,12.761395200000003,39337530.25615764,3
w27,2,6,3,0.5551104,39312157.55555555,1
w03,2,138,182,12.941107200000003,39234129.875,1
w76,2,1,1,0.0932864,39140034.5,1
w96,2,2,1,0.18503680000000003,39114587.333333336,1
w04,2,225,114,20.818944000000002,39112524.746312685,5
w54,2,77,50,7.141580800000002,39062729.01574803,6
w93,2,3,3,0.27985920000000003,39044629.5,1
w11,2,57,29,5.274316800000001,39029315.511627905,2
w26,2,14,13,1.3044736000000001,38880935.74074074,2
w68,2,2,5,0.1911808,38748794.71428572,1
w14,2,92,49,8.516300800000002,38748482.74468085,7
w11,2,57,30,5.275852800000001,38594765.59770115,1
w09,2,138,69,12.767539200000002,38578846.57487923,4
w03,2,138,188,12.950323200000001,38514692.62576687,6
w20,2,28,101,2.7241472000000004,38513435.224806204,3
w14,2,92,50,8.517836800000001,38476274.788732395,1
w03,2,138,189,12.951859200000003,38397343.21712538,1
w09,2,138,70,12.769075200000001,38393730.649038464,1
w04,2,225,121,20.829696000000002,38323370.63583815,7
w20,2,28,102,2.7256832,38217799.26923077,1
w11,2,57,31,5.277388800000001,38169664.04545455,1
w04,2,225,123,20.832768,38103727.75,2
w03,2,138,192,12.956467200000002,38049536.196969695,3
w09,2,138,72,12.772147200000003,38028775.1,2
w75,2,5,3,0.46336000000000005,37939528.0,1
w20,2,28,103,2.7272192000000004,37926634.89312977,1
w49,2,11,8,1.0215424000000002,37875916.368421055,1
w24,2,12,7,1.1117568000000002,37866852.421052635,1
w59,2,3,3,0.27985920000000003,37837488.166666664,1
w04,2,225,126,20.837376000000003,37778952.26780627,3
w11,2,57,32,5.278924800000001,37753722.61797753,1
w12,2,0,1,0.001536,37747581.0,1.0
w04,2,225,127,20.838912,37671916.83238637,1
w09,2,138,74,12.775219200000002,37670696.19811321,2
w02,2,1,312,0.5709824,37617225.990415335,312
w02,2,1,313,0.5725184000000001,37501954.15923567,1
w26,2,14,14,1.3060096,37498201.178571425,1
w09,2,138,75,12.776755200000002,37494167.5258216,1
w02,2,1,314,0.5740544000000001,37386075.13968254,1
w30,2,1,13,0.11171840000000001,37378542.35714286,1
w20,2,28,105,2.7302912000000004,37357434.518796995,2
w11,2,57,33,5.280460800000001,37346634.35555556,1
w04,2,225,131,20.845056,37249769.016853936,4
w14,2,92,55,8.5255168,37170754.56462585,5
w02,2,1,316,0.5771264,37156049.81388012,2
w04,2,225,132,20.846592,37145708.48459384,1
w04,2,225,133,20.848128,37042223.153631285,1
w04,2,225,134,20.849664,36939314.292479105,1
w06,2,30,18,2.7801600000000004,36896958.520833336,5
w03,2,138,203,12.973363200000001,36826554.692082115,11
w02,2,1,319,0.5817344,36816308.9375,3
w20,2,28,107,2.7333632000000003,36804988.096296296,2
w09,2,138,79,12.782899200000003,36804319.571428575,4
w04,2,225,136,20.852736,36735204.592797786,2
w03,2,138,204,12.974899200000003,36719261.6374269,1
w57,2,3,3,0.27985920000000003,36659734.333333336,1
w09,2,138,80,12.784435200000003,36635811.76605505,1
w03,2,138,205,12.976435200000003,36612581.26239067,1
w10,2,81,161,7.679078400000002,36611518.86363637,161
w20,2,28,108,2.7348992,36534810.25,1
w09,2,138,81,12.785971200000002,36468834.67123288,1
w16,2,1,16,0.11632640000000001,36346183.35294118,16
w04,2,225,140,20.85888,36333688.94794521,4
w34,2,1,43,0.1577984,36317222.13636363,6
w09,2,138,82,12.787507200000002,36303372.981818184,1
w20,2,28,109,2.7364352000000003,36268574.02189781,1
w02,2,1,324,0.5894144,36263009.209230766,5
w04,2,225,141,20.860416,36234672.21857923,1
w26,2,14,15,1.3075456,36210364.27586207,1
w02,2,1,325,0.5909504000000001,36153706.95092025,1
w06,2,30,19,2.781696,36147674.1632653,1
w02,2,1,326,0.5924864,36044447.58103976,1
w49,2,11,9,1.0230784000000002,35991855.0,1
w24,2,12,8,1.1132928000000002,35977249.1,1
w09,2,138,84,12.790579200000002,35976911.7972973,2
w87,2,3,2,0.27832320000000005,35956294.0,1
w56,2,3,3,0.27985920000000003,35895722.833333336,1
w11,2,57,37,5.286604800000001,35804093.13829787,4
w04,2,225,147,20.869632,35651735.932795696,6
w04,2,225,149,20.872704000000002,35461575.96524064,2
w97,2,2,2,0.1865728,35447399.25,1
w11,2,57,38,5.288140800000001,35438694.72631579,1
w27,2,6,4,0.5566464000000001,35431608.3,1
w03,2,138,217,12.994867200000002,35379199.614084505,12
w03,2,138,218,12.996403200000003,35280167.53651685,1
w04,2,225,151,20.875776000000002,35273437.45478723,2
w20,2,28,113,2.7425792,35241231.82978723,4
w09,2,138,89,12.798259200000002,35185893.022026435,5
w11,2,57,39,5.289676800000001,35080501.864583336,1
w98,2,2,2,0.1865728,35047057.0,1
w04,2,225,154,20.880384,34994932.00263852,3
w20,2,28,114,2.7441152000000004,34993432.6056338,1
w04,2,225,155,20.88192,34903068.35263158,1
w09,2,138,91,12.801331200000002,34879155.15283843,2
w82,2,3,2,0.27832320000000005,34866637.4,1
w34,2,1,45,0.16087040000000002,34752229.95652174,2
w09,2,138,92,12.802867200000001,34727785.895652175,1
w38,2,5,5,0.46643200000000007,34470938.1,2
w11,2,57,41,5.292748800000001,34385501.06122449,2
w16,2,1,17,0.1178624,34370389.5,1
w49,2,11,10,1.0246144000000001,34286615.0,1
w24,2,12,9,1.1148288000000002,34267068.190476194,1
w53,2,19,19,1.7724416000000003,34231423.7631579,6
w03,2,138,229,13.013299200000002,34226370.539509535,11
w02,2,1,344,0.6201344,34185807.12753623,18
w04,2,225,163,20.894208000000003,34185174.577319585,8
w04,2,225,164,20.895744,34097511.29562982,1
w02,2,1,345,0.6216704000000001,34088092.595375724,1
w06,2,30,22,2.7863040000000003,34071407.788461536,3
w11,2,57,42,5.294284800000001,34048039.4949495,1
w03,2,138,231,13.016371200000002,34041513.56368563,2
w42,2,3,10,0.2906112,33995609.92307692,2
w02,2,1,346,0.6232064,33990608.91930836,1
w37,2,3,3,0.27985920000000003,33967871.666666664,1
w86,2,2,3,0.18810880000000002,33949336.4,1
w15,2,7,6,0.6514688000000001,33943541.84615385,3
w26,2,14,17,1.3106176,33882645.161290325,2
w75,2,5,4,0.46489600000000003,33869339.333333336,1
w02,2,1,348,0.6262784,33797303.1260745,2
w04,2,225,168,20.901888,33751285.08396947,4
w14,2,92,70,8.5485568,33737664.56790123,15
w09,2,138,99,12.813619200000002,33703960.45991561,7
w02,2,1,350,0.6293504,33605726.17663818,2
w06,2,30,23,2.78784,33431425.20754717,1
w04,2,225,172,20.908032000000002,33412016.71788413,4
w53,2,19,20,1.7739776000000003,33355131.794871796,1
w20,2,28,121,2.7548672,33351459.248322148,7
w14,2,92,72,8.551628800000001,33327333.43292683,2
w58,2,9,7,0.8365056000000001,33248096.125,3
w03,2,138,240,13.030195200000001,33233841.24867725,9
w04,2,225,175,20.91264,33162016.6675,3
w14,2,92,73,8.553164800000001,33125895.727272727,1
w20,2,28,123,2.7579392000000005,32910197.98013245,2
w02,2,1,358,0.6416384,32860510.033426184,8
w14,2,92,75,8.5562368,32730247.19760479,2
w24,2,12,10,1.1163648000000002,32712272.09090909,1
w65,2,10,9,0.931328,32704112.842105262,5
w01,2,29,33,2.7114496000000003,32521287.951612905,12
w20,2,28,125,2.7610112000000004,32480450.738562092,2
w11,2,57,47,5.301964800000001,32457990.067307692,5
w71,2,1,2,0.09482240000000002,32441085.666666668,1
w04,2,225,184,20.926464,32434016.378973104,9
w02,2,1,363,0.6493184000000001,32411018.61813187,5
w02,2,1,364,0.6508544,32322581.112328768,1
w27,2,6,5,0.5581824000000001,32253395.545454547,1
w09,2,138,110,12.830515200000002,32211823.197580647,11
w20,2,28,127,2.7640832000000004,32061753.954838708,2
w04,2,225,191,20.937216,31889549.540865384,7
w26,2,14,19,1.3136896000000002,31836357.484848484,2
w53,2,19,22,1.7770496000000002,31730578.0,2
w09,2,138,114,12.836659200000001,31701496.53968254,4
w28,2,13,15,1.2157952,31699639.17857143,7
w20,2,28,129,2.7671552000000004,31653696.089171976,2
w42,2,3,11,0.29214720000000005,31583103.92857143,1
w11,2,57,50,5.306572800000001,31575048.420560747,3
w01,2,29,35,2.7145216000000003,31519087.375,2
w57,2,3,4,0.2813952,31463662.714285713,1
w38,2,5,6,0.46796800000000005,31368694.636363637,1
w04,2,225,198,20.947968,31363062.342789598,7
w09,2,138,117,12.841267200000003,31329242.2,3
w24,2,12,11,1.1179008000000001,31292635.43478261,1
w09,2,138,118,12.842803200000002,31207095.0546875,1
w65,2,10,10,0.9328640000000001,31071243.75,1
w11,2,57,52,5.309644800000001,31013178.42201835,2
w16,2,1,19,0.12093440000000001,30989362.25,2
w29,2,5,7,0.46950400000000003,30901318.5,3
w61,2,2,13,0.2034688,30874723.333333332,13
w20,2,28,133,2.7732992000000003,30867976.838509317,4
w56,2,3,4,0.2813952,30811439.14285714,1
w03,2,138,270,13.076275200000003,30798850.595588237,30
w11,2,57,53,5.311180800000001,30739723.23636364,1
w03,2,138,271,13.077811200000003,30723825.8997555,1
w20,2,28,134,2.7748352,30677604.950617284,1
w28,2,13,16,1.2173312,30613202.379310343,1
w75,2,5,5,0.46643200000000007,30591028.5,1
w01,2,29,37,2.7175936000000003,30577506.257575758,2
w03,2,138,275,13.083955200000002,30427358.721549638,4
w14,2,92,88,8.576204800000001,30372756.7,13
w04,2,225,213,20.971008,30291452.456621006,15
w52,2,2,3,0.18810880000000002,30267843.2,3
w73,2,1,2,0.09482240000000002,30254115.0,1
w51,2,7,8,0.6545408,30168179.666666668,6
w04,2,225,215,20.97408,30154088.420454547,2
w01,2,29,38,2.7191296000000005,30127436.46268657,1
w06,2,30,29,2.7970560000000004,30045054.84745763,6
w49,2,11,13,1.0292224,30021084.208333332,3
w03,2,138,281,13.093171200000002,29993256.577565633,6
w87,2,3,3,0.27985920000000003,29993166.166666668,1
w11,2,57,56,5.315788800000001,29946959.088495575,3
w04,2,225,219,20.980224,29883059.876126125,4
w14,2,92,91,8.5808128,29876227.830601092,3
w03,2,138,284,13.097779200000002,29780824.777251184,3
w03,2,138,285,13.099315200000003,29710678.063829787,1
w01,2,29,39,2.7206656000000002,29690488.36764706,1
w27,2,6,6,0.5597184000000001,29601506.416666668,1
w65,2,10,11,0.9344000000000001,29593758.714285713,1
w18,2,1,21,0.12400640000000002,29593369.09090909,21
w58,2,9,9,0.8395776,29592731.055555556,2
w03,2,138,287,13.102387200000003,29571362.068235293,2
w53,2,19,25,1.7816576000000002,29570542.0,3
w16,2,1,20,0.12247040000000001,29528554.57142857,1
w03,2,138,288,13.103923200000002,29502190.504694834,1
w96,2,2,2,0.1865728,29388221.25,1
w09,2,138,135,12.868915200000002,29267387.087912086,17
w11,2,57,59,5.320396800000001,29194837.70689655,3
w26,2,14,22,1.3182976000000002,29191817.777777776,3
w106,2,1,1,0.0932864,29138368.0,1
w37,2,3,4,0.2813952,29134467.0,1
w06,2,30,31,2.8001280000000004,29064178.06557377,2
w61,2,2,14,0.20500480000000001,28967977.125,1
w03,2,138,298,13.119283200000002,28827875.107798167,10
w77,2,3,3,0.27985920000000003,28811275.666666668,3
w02,2,1,409,0.7199744,28787831.563414633,45
w04,2,225,236,21.006336,28783655.468546636,17
w04,2,225,237,21.007872000000003,28721502.207792208,1
w11,2,57,61,5.3234688000000006,28714529.09322034,2
w81,2,4,4,0.3731456,28682619.5,4
w04,2,225,238,21.009408,28659616.46652268,1
w28,2,13,18,1.2204032,28649739.48387097,2
w44,2,3,4,0.2813952,28605047.714285713,3
w29,2,5,8,0.47104000000000007,28587992.53846154,1
w03,2,138,302,13.125427200000003,28566725.384090908,4
w04,2,225,242,21.015552,28414720.997858673,4
w97,2,2,3,0.18810880000000002,28374800.8,1
w14,2,92,101,8.596172800000002,28332563.74611399,10
w86,2,2,4,0.18964480000000003,28294811.0,1
w51,2,7,9,0.6560768,28289828.75,1
w105,2,1,5,0.09943040000000002,28288260.333333332,2
w53,2,19,27,1.7847296000000001,28286901.04347826,2
w65,2,10,12,0.9359360000000001,28250400.863636363,1
w03,2,138,307,13.133107200000003,28246878.52808989,5
w03,2,138,308,13.134643200000003,28183766.98430493,1
w85,2,4,6,0.37621760000000004,28173807.7,6
w95,2,1,3,0.09635840000000001,28153671.5,2
w04,2,225,247,21.023232,28114422.974576272,5
w01,2,29,43,2.7268096,28063726.888888888,4
w98,2,2,3,0.18810880000000002,28054427.6,1
w75,2,5,6,0.46796800000000005,27902797.90909091,1
w14,2,92,104,8.6007808,27900158.102040816,3
w17,2,1,38,0.1501184,27768543.794871796,38
w03,2,138,315,13.145395200000003,27749778.09933775,7
w49,2,11,15,1.0322944,27722545.46153846,2
w23,2,19,24,1.7801216000000002,27703531.837209303,24
w53,2,19,28,1.7862656000000001,27686034.340425532,1
w01,2,29,44,2.7283456000000004,27684723.547945205,1
w42,2,3,13,0.2952192,27662316.6875,2
w34,2,1,57,0.17930240000000003,27617178.98275862,12
w11,2,57,66,5.331148800000001,27581118.292682927,5
w60,2,1,8,0.1040384,27569834.333333332,8
w03,2,138,318,13.150003200000002,27567858.120614037,3
w57,2,3,5,0.28293120000000005,27556115.75,1
w09,2,138,152,12.895027200000003,27555057.244827587,17
w11,2,57,67,5.332684800000001,27365371.29032258,1
w14,2,92,108,8.606924800000002,27343786.87,4
w01,2,29,45,2.7298816,27315850.608108107,1
w06,2,30,35,2.8062720000000003,27283107.415384617,4
w61,2,2,15,0.20654080000000002,27281968.11764706,1
w03,2,138,323,13.157683200000003,27269904.629067246,5
w05,2,152,5,13.953740800000002,58029159.420382164,5
w04,2,225,263,21.047808,27194808.413934425,16
w18,2,1,23,0.1270784,27187575.416666668,2
w11,2,57,68,5.334220800000001,27152995.28,1
w04,2,225,264,21.049344,27139329.940695297,1
w17,2,1,39,0.15165440000000002,27114512.7,1
w53,2,19,29,1.7878016,27110105.583333332,1
w23,2,19,25,1.7816576000000002,27084179.772727273,1
w14,2,92,110,8.609996800000001,27073847.603960395,2
w65,2,10,13,0.9374720000000001,27023784.304347824,1
w09,2,138,158,12.904243200000002,26997647.58108108,6
w56,2,3,5,0.28293120000000005,26990587.625,1
w16,2,1,22,0.1255424,26987979.304347824,2
w01,2,29,46,2.7314176000000003,26956532.8,1
w14,2,92,111,8.6115328,26940864.48275862,1
w04,2,225,268,21.055488,26919655.67545639,4
w06,2,30,36,2.807808,26871317.78787879,1
w09,2,138,161,12.908851200000003,26727328.070234112,3
w49,2,11,16,1.0338304,26700844.0,1
w58,2,9,11,0.8426496000000001,26667193.65,2
w51,2,7,10,0.6576128000000001,26631717.94117647,1
w29,2,5,9,0.47257600000000005,26601822.785714287,1
w53,2,19,30,1.7893376,26557657.85714286,1
w11,2,57,71,5.338828800000001,26535378.4375,3
w04,2,225,276,21.067776000000002,26490823.44510978,8
w23,2,19,26,1.7831936000000002,26488996.533333335,1
w17,2,1,40,0.1531904,26482036.926829267,1
w09,2,138,164,12.913459200000002,26462361.281456955,3
w03,2,138,339,13.182259200000003,26358406.75471698,16
w11,2,57,72,5.340364800000001,26335773.217054263,1
w34,2,1,60,0.18391040000000003,26270101.737704918,3
w83,2,1,3,0.09635840000000001,26246695.75,3
w09,2,138,167,12.918067200000003,26202603.41967213,3
w03,2,138,342,13.186867200000002,26194253.341666665,3
w76,2,1,2,0.09482240000000002,26142855.666666668,1
w03,2,138,343,13.188403200000002,26139987.18087318,1
w11,2,57,73,5.341900800000001,26139177.507692307,1
w18,2,1,24,0.12861440000000002,26126970.44,1
w09,2,138,168,12.919603200000003,26117148.679738563,1
w06,2,30,38,2.8108800000000005,26084049.38235294,2
w42,2,3,14,0.29675520000000005,26047010.588235293,1
w09,2,138,169,12.921139200000002,26032247.19218241,1
w04,2,225,285,21.0816,26024456.31372549,9
w11,2,57,74,5.343436800000001,25945354.946564887,1
w17,2,1,41,0.15472640000000001,25868886.23809524,1
w61,2,2,16,0.2080768,25782291.111111112,1
w09,2,138,172,12.925747200000002,25780825.683870967,3
w03,2,138,350,13.199155200000002,25766347.475409836,7
w11,2,57,75,5.344972800000001,25754450.96969697,1
w87,2,3,4,0.2813952,25724906.714285713,1
w75,2,5,7,0.46950400000000003,25653252.333333332,1
w01,2,29,50,2.7375616000000003,25609372.202531647,4
w14,2,92,122,8.628428800000002,25559971.705607478,11
w37,2,3,5,0.28293120000000005,25506478.875,1
w04,2,225,296,21.098496,25476316.343570057,11
w34,2,1,62,0.1869824,25442958.317460317,2
w14,2,92,123,8.629964800000002,25441440.906976745,1
w27,2,6,8,0.5627904,25431414.64285714,2
w58,2,9,12,0.8441856000000001,25411102.285714287,1
w23,2,19,28,1.7862656000000001,25373981.85106383,2
w06,2,30,40,2.8139520000000005,25341682.85714286,2
w01,2,29,51,2.7390976000000005,25293523.0,1
w09,2,138,178,12.934963200000002,25292218.278481014,6
w52,2,2,4,0.18964480000000003,25275185.5,1
w02,2,1,467,0.8090624000000001,25225997.557692308,58
w05,2,152,14,13.967564800000002,54884016.024096385,9
w51,2,7,11,0.6591488000000001,25157689.222222224,1
w18,2,1,25,0.1301504,25139987.423076924,1
w03,2,138,363,13.219123200000002,25100116.824351296,13
w03,2,138,364,13.220659200000002,25050293.611553784,1
w06,2,30,41,2.815488,24986088.323943663,1
w14,2,92,127,8.6361088,24978098.02739726,4
w09,2,138,182,12.941107200000003,24976641.4625,4
w29,2,5,10,0.47411200000000003,24879788.0,1
w23,2,19,29,1.7878016,24850980.229166668,1
w22,2,2,13,0.2034688,24820139.6,13
w04,2,225,310,21.12,24811253.213084113,14
w04,2,225,312,21.123072,24719073.826815642,2
w38,2,5,9,0.47257600000000005,24715614.285714287,3
w13,2,2,91,0.32327680000000003,24709901.612903226,91
w03,2,138,371,13.231411200000002,24706958.746561885,7
w04,2,225,313,21.124608000000002,24673239.713754646,1
w11,2,57,81,5.354188800000001,24666876.144927535,6
w03,2,138,372,13.232947200000002,24658677.61372549,1
w14,2,92,130,8.640716800000002,24641499.644144144,3
w42,2,3,15,0.29829120000000003,24610112.444444444,1
w14,2,92,131,8.642252800000001,24531302.286995515,1
w09,2,138,188,12.950323200000001,24517789.969325155,6
w57,2,3,6,0.28446720000000003,24514973.555555556,1
w11,2,57,82,5.355724800000001,24494589.755395684,1
w13,2,2,92,0.3248128,24462366.19148936,1
w09,2,138,189,12.951859200000003,24442944.443425078,1
w01,2,29,54,2.7437056,24391015.879518073,3
w71,2,1,3,0.09635840000000001,24372651.75,1
w34,2,1,65,0.1915904,24295012.40909091,3
w86,2,2,5,0.1911808,24255084.285714287,1
w18,2,1,26,0.1316864,24223364.666666668,1
w09,2,138,192,12.956467200000002,24221125.424242426,3
w03,2,138,382,13.248307200000003,24186054.825,10
w01,2,29,55,2.7452416000000004,24104165.88095238,1
w53,2,19,35,1.7970176000000002,24102334.12962963,5
w30,2,1,21,0.12400640000000002,24098752.045454547,8
w09,2,138,194,12.959539200000002,24075466.138554215,2
w49,2,11,19,1.0384384000000002,24042193.866666667,3
w56,2,3,6,0.28446720000000003,24010462.444444444,1
w11,2,57,85,5.360332800000001,23991731.8028169,3
w13,2,2,94,0.32788480000000003,23973264.479166668,2
w04,2,225,329,21.149184,23962357.20938628,16
w23,2,19,31,1.7908736000000003,23865855.42,2
w54,2,77,131,7.265996800000001,23857997.548076924,81
w01,2,29,56,2.7467776,23823671.8,1
w07,2,0,1,0.001536,23813785.0,1.0
w27,2,6,9,0.5643264,23762083.133333333,1
w75,2,5,8,0.47104000000000007,23746558.46153846,1
w54,2,77,132,7.2675328000000015,23743908.464114834,1
w17,2,1,45,0.16087040000000002,23658619.02173913,4
w97,2,2,4,0.18964480000000003,23654544.166666668,1
w09,2,138,200,12.968755200000002,23648799.884615384,6
w54,2,77,133,7.269068800000001,23630903.114285715,1
w09,2,138,201,12.970291200000002,23579156.445427727,1
w01,2,29,57,2.7483136000000004,23549655.88372093,1
w04,2,225,339,21.164544,23538530.822695035,10
w54,2,77,134,7.270604800000001,23518956.322274882,1
w14,2,92,141,8.6576128,23481216.00858369,10
w09,2,138,203,12.973363200000001,23441093.205278594,2
w23,2,19,32,1.7924096000000003,23402205.960784312,1
w98,2,2,4,0.18964480000000003,23389282.833333332,1
w09,2,138,204,12.974899200000003,23372665.555555556,1
w29,2,5,11,0.47564800000000007,23372324.9375,1
w42,2,3,16,0.2998272,23323666.684210528,1
w09,2,138,205,12.976435200000003,23304636.119533528,1
w22,2,2,14,0.20500480000000001,23285314.375,1
w13,2,2,97,0.33249280000000003,23274536.87878788,3
w49,2,11,20,1.0399744000000002,23269646.129032258,1
w58,2,9,14,0.8472576,23226551.56521739,2
w09,2,138,207,12.979507200000002,23169753.689855073,2
w17,2,1,46,0.1624064,23162324.659574468,1
w38,2,5,10,0.47411200000000003,23088337.133333333,1
w30,2,1,22,0.1255424,23085466.913043477,1
w64,2,6,29,0.5950464000000001,23040870.37142857,18
w09,2,138,210,12.984115200000002,22970336.16091954,3
w09,2,138,211,12.985651200000003,22904624.538681947,1
w11,2,57,92,5.371084800000001,22896959.080536913,7
w04,2,225,357,21.192192000000002,22812285.29209622,18
w11,2,57,93,5.372620800000001,22748801.053333335,1
w32,2,7,11,0.6591488000000001,22736901.388888888,11
w14,2,92,149,8.6699008,22703830.05394191,8
w17,2,1,47,0.16394240000000002,22684884.4375,1
w37,2,3,6,0.28446720000000003,22683176.444444444,1
w18,2,1,28,0.1347584,22579727.20689655,2
w02,2,1,522,0.8935424000000001,22574839.866156787,55
w87,2,3,5,0.28293120000000005,22520950.25,1
w14,2,92,151,8.6729728,22517463.02057613,2
w08,2,54,271,5.3707776,22447350.661538463,271
w05,2,152,24,13.982924800000001,51766566.27840909,10
w05,2,152,25,13.9844608,51474191.62711865,1
w05,2,152,26,13.985996800000002,51185101.651685394,1
w05,2,152,39,14.005964800000001,47702366.76963351,13
w05,2,152,43,14.012108800000002,46724178.28205128,4
w05,2,152,62,14.0412928,42577125.69158878,19
w05,2,152,63,14.042828800000002,42379160.01395349,1
w05,2,152,67,14.048972800000001,41605375.07762557,4
w05,2,152,68,14.050508800000001,41416322.6,1
w08,2,54,272,5.372313600000001,22378611.54601227,1
w02,2,1,528,0.9027584000000001,22318835.238185257,6
w11,2,57,96,5.377228800000001,22315450.777777776,3
w27,2,6,10,0.5658624000000001,22299955.0625,1
w58,2,9,15,0.8487936,22270489.708333332,1
w44,2,3,6,0.28446720000000003,22259291.444444444,2
w14,2,92,154,8.677580800000001,22243593.833333332,3
w03,2,138,428,13.318963200000002,22227016.743816253,46
w16,2,1,27,0.13322240000000002,22212524.285714287,5
w09,2,138,222,13.002547200000002,22205887.76111111,11
w11,2,57,97,5.378764800000001,22174617.961038962,1
w14,2,92,155,8.679116800000001,22153776.773279354,1
w30,2,1,23,0.1270784,22147274.625,1
w61,2,2,19,0.2126848,22135821.904761903,3
w03,2,138,431,13.323571200000002,22110248.189806677,3
w75,2,5,9,0.47257600000000005,22108931.5,1
w57,2,3,7,0.2860032,22079720.4,1
w14,2,92,156,8.6806528,22064670.51612903,1
w29,2,5,12,0.47718400000000005,22040251.352941178,1
w01,2,29,63,2.7575296000000002,22030038.45652174,6
w43,2,4,37,0.42383360000000003,22010295.024390243,37
w04,2,225,379,21.225984,21983430.605960265,22
w22,2,2,15,0.20654080000000002,21925093.29411765,1
w06,2,30,51,2.8308480000000005,21911771.901234567,10
w09,2,138,227,13.010227200000003,21902184.915068492,5
w14,2,92,158,8.6837248,21888594.38,2
w04,2,225,383,21.232128,21839166.41611842,4
w18,2,1,29,0.1362944,21837570.466666665,1
w04,2,225,384,21.233664,21803395.298850574,1
w14,2,92,159,8.685260800000002,21801605.199203186,1
w01,2,29,64,2.7590656000000005,21795710.225806452,1
w11,2,57,100,5.383372800000001,21762825.114649683,3
w63,2,4,11,0.38389760000000006,21733446.266666666,11
w52,2,2,5,0.1911808,21698810.714285713,1
w28,2,13,28,1.2357632,21698207.463414636,10
w04,2,225,387,21.238272000000002,21696782.70261438,3
w53,2,19,41,1.8062336,21695837.883333333,6
w09,2,138,231,13.016371200000002,21665138.249322493,4
w38,2,5,11,0.47564800000000007,21660571.8125,1
w06,2,30,52,2.8323840000000002,21645578.963414636,1
w56,2,3,7,0.2860032,21624553.7,1
w04,2,225,390,21.24288,21591204.011382114,3
w01,2,29,65,2.7606016,21566168.13829787,1
w16,2,1,28,0.1347584,21454941.862068966,1
w65,2,10,19,0.9466880000000001,21440077.55172414,6
w03,2,138,449,13.351219200000003,21434646.724020444,18
w58,2,9,16,0.8503296000000001,21388246.84,1
w14,2,92,164,8.6929408,21376848.94921875,5
w01,2,29,66,2.7621376000000004,21341319.084210526,1
w93,2,3,8,0.28753920000000005,21305883.363636363,5
w14,2,92,165,8.6944768,21293871.081712063,1
w03,2,138,453,13.357363200000002,21290093.01353638,4
w30,2,1,24,0.12861440000000002,21282580.2,1
w11,2,57,104,5.389516800000001,21237630.093167704,4
w105,2,1,7,0.10250240000000001,21234903.125,2
w49,2,11,23,1.0445824000000001,21224209.647058822,3
w28,2,13,29,1.2372992,21185012.64285714,1
w61,2,2,20,0.21422080000000002,21139940.181818184,1
w09,2,138,242,13.033267200000003,21038991.339473683,11
w27,2,6,11,0.5673984000000001,21008443.17647059,1
w43,2,4,39,0.42690560000000005,21007141.465116277,2
w53,2,19,43,1.8093056,20997156.56451613,2
w11,2,57,106,5.392588800000001,20984451.061349694,2
w03,2,138,462,13.371187200000001,20971841.59,9
w04,2,225,411,21.275136,20880022.90880503,21
w03,2,138,465,13.375795200000002,20867865.825870648,3
w29,2,5,13,0.47872000000000003,20854404.333333332,1
w03,2,138,466,13.377331200000002,20833436.662251655,1
w11,2,57,108,5.395660800000001,20737378.333333332,2
w22,2,2,16,0.2080768,20714808.055555556,1
w28,2,13,30,1.2388352,20695678.139534883,1
w01,2,29,69,2.7667456,20694181.755102042,3
w75,2,5,10,0.47411200000000003,20685974.866666667,1
w53,2,19,44,1.8108416000000003,20664425.666666668,1
w49,2,11,24,1.0461184000000001,20620220.37142857,1
w58,2,9,17,0.8518656000000001,20573502.769230768,1
w04,2,225,421,21.290496,20557612.159442723,10
w43,2,4,40,0.42844160000000003,20537018.65909091,1
w03,2,138,475,13.391155200000002,20528627.769983687,9
w54,2,77,165,7.3182208000000015,20507475.479338843,31
w18,2,1,31,0.1393664,20489635.125,2
w01,2,29,70,2.7682816000000003,20487180.95959596,1
w30,2,1,25,0.1301504,20479806.730769232,1
w04,2,225,425,21.29664,20431419.467692308,4
w03,2,138,478,13.395763200000003,20428999.993506495,3
w37,2,3,7,0.2860032,20422886.4,1
w92,2,2,10,0.19886080000000003,20402973.333333332,6
w04,2,225,426,21.298176,20400110.41781874,1
w38,2,5,12,0.47718400000000005,20400000.76470588,1
w63,2,4,12,0.38543360000000004,20396997.0625,1
w11,2,57,111,5.400268800000001,20377530.583333332,3
w01,2,29,71,2.7698176,20284245.84,1
w97,2,2,5,0.1911808,20280666.285714287,1
w04,2,225,430,21.30432,20275826.135877863,4
w11,2,57,112,5.401804800000001,20260414.230769232,1
w04,2,225,431,21.305856000000002,20244989.25304878,1
w61,2,2,21,0.21575680000000003,20230305.652173914,1
w04,2,225,432,21.307392,20214246.094368342,1
w42,2,3,19,0.3044352,20165107.363636363,3
w04,2,225,434,21.310464,20153037.239757206,2
w14,2,92,180,8.7175168,20122394.17647059,15
w03,2,138,488,13.411123200000002,20103784.733226836,10
w01,2,29,72,2.7713536000000003,20085209.762376238,1
w16,2,1,30,0.13783040000000002,20085111.51612903,2
w43,2,4,41,0.42997760000000007,20084562.17777778,1
w04,2,225,437,21.315072,20061917.092145015,3
w98,2,2,5,0.1911808,20053667.285714287,1
w49,2,11,25,1.0476544,20049562.583333332,1
w14,2,92,181,8.7190528,20048871.494505495,1
w09,2,138,262,13.063987200000001,19988733.9625,20
w89,2,1,4,0.0978944,19982489.8,3
w01,2,29,73,2.7728896,19889908.42156863,1
w18,2,1,32,0.1409024,19875317.696969695,1
w58,2,9,18,0.8534016000000001,19818735.185185187,1
w11,2,57,116,5.407948800000001,19805138.335260116,4
w29,2,5,14,0.48025600000000007,19792090.36842105,1
w09,2,138,267,13.071667200000002,19742370.237037037,5
w30,2,1,26,0.1316864,19735786.407407407,1
w53,2,19,47,1.8154496000000002,19726700.5,3
w56,2,3,8,0.28753920000000005,19669617.0,1
w43,2,4,42,0.43151360000000005,19650852.54347826,1
w76,2,1,3,0.09635840000000001,19633224.0,1
w14,2,92,187,8.7282688,19618782.602150537,6
w106,2,1,2,0.09482240000000002,19531718.666666668,1
w01,2,29,75,2.7759616000000005,19510445.346153848,2
w49,2,11,26,1.0491904,19509636.43243243,1
w13,2,2,117,0.3632128,19487671.94957983,20
w11,2,57,119,5.412556800000001,19477190.625,3
w16,2,1,31,0.1393664,19463516.59375,1
w53,2,19,48,1.8169856000000002,19432751.04477612,1
w75,2,5,11,0.47564800000000007,19430848.125,1
w04,2,225,460,21.3504,19389792.60291971,23
w10,2,81,377,8.010854400000001,19372780.458515283,216
w11,2,57,120,5.414092800000001,19370328.10734463,1
w14,2,92,191,8.734412800000001,19342172.35335689,4
w01,2,29,76,2.7774976000000002,19326082.6,1
w03,2,138,514,13.451059200000003,19304912.300613496,26
w06,2,30,62,2.8477440000000005,19301877.673913043,10
w18,2,1,33,0.14243840000000002,19296739.82352941,1
w42,2,3,20,0.30597120000000005,19294975.52173913,1
w38,2,5,13,0.47872000000000003,19275119.444444444,1
w14,2,92,192,8.735948800000001,19274234.426056337,1
w77,2,3,6,0.28446720000000003,19244883.222222224,3
w43,2,4,43,0.43304960000000003,19235405.723404255,1
w03,2,138,517,13.455667200000002,19216811.245801527,3
w64,2,6,36,0.6057984000000001,19205124.61904762,7
w04,2,225,467,21.361152,19194086.046242774,7
w03,2,138,518,13.457203200000002,19187622.27134146,1
w11,2,57,122,5.417164800000001,19160046.97765363,2
w12,2,0,2,0.003072,19147839.5,1
w53,2,19,49,1.8185216000000002,19147410.161764707,1
w14,2,92,194,8.7390208,19139783.11188811,2
w10,2,81,384,8.021606400000001,19082028.8,7
w14,2,92,195,8.7405568,19073258.80139373,1
w04,2,225,473,21.370368,19029457.624641832,6
w09,2,138,283,13.096243200000002,18993301.643705465,16
w04,2,225,475,21.373440000000002,18975208.515714284,2
w09,2,138,284,13.097779200000002,18948369.303317536,1
w51,2,7,17,0.6683648000000001,18885055.0,6
w105,2,1,8,0.1040384,18881598.777777776,1
w14,2,92,198,8.745164800000001,18876430.110344827,3
w03,2,138,530,13.475635200000003,18844168.982035927,12
w43,2,4,44,0.4345856,18836584.958333332,1
w29,2,5,15,0.48179200000000005,18835381.1,1
w27,2,6,13,0.5704704,18832055.63157895,2
w01,2,29,79,2.7821056000000004,18793298.35185185,3
w22,2,2,18,0.21114880000000003,18656141.1,2
w61,2,2,23,0.21882880000000002,18627964.56,2
w37,2,3,8,0.28753920000000005,18572759.454545453,1
w11,2,57,128,5.426380800000001,18556137.308108106,6
w09,2,138,294,13.113139200000003,18510479.671296295,10
w42,2,3,21,0.30750720000000004,18496888.0,1
w11,2,57,130,5.429452800000001,18363381.962566845,2
w75,2,5,12,0.47718400000000005,18319980.05882353,1
w09,2,138,299,13.120819200000001,18299041.203661326,5
w01,2,29,82,2.7867136,18289106.207207207,3
w03,2,138,551,13.507891200000003,18271771.907111757,21
w73,2,1,4,0.0978944,18213304.4,2
w09,2,138,302,13.125427200000003,18174481.59090909,3
w03,2,138,555,13.514035200000002,18166664.215007216,4
w13,2,2,126,0.37703680000000006,18159026.9296875,9
w03,2,138,558,13.518643200000003,18088618.820402298,3
w11,2,57,133,5.434060800000001,18081752.8,3
w09,2,138,305,13.130035200000002,18051604.30248307,3
w13,2,2,127,0.37857280000000004,18022757.248062015,1
w04,2,225,514,21.433344,17975992.67658999,39
w29,2,5,16,0.48332800000000004,17967700.14285714,1
w10,2,81,413,8.066150400000001,17965221.25506073,29
w04,2,225,515,21.43488,17951755.927027028,1
w14,2,92,213,8.768204800000001,17950272.08852459,15
w04,2,225,516,21.436416,17927581.823211875,1
w61,2,2,24,0.22036480000000003,17919031.846153848,1
w27,2,6,14,0.5720064,17906642.25,1
w35,2,1,25,0.1301504,17905857.076923076,25
w58,2,9,21,0.8580096,17855870.333333332,3
w14,2,92,215,8.7712768,17833617.332247555,2
w16,2,1,34,0.1439744,17808402.257142857,3
w04,2,225,521,21.444096000000002,17807682.2922252,5
w04,2,225,522,21.445632,17783893.388219547,1
w04,2,225,523,21.447168,17760167.860962566,1
w97,2,2,6,0.19271680000000002,17750137.875,1
w18,2,1,36,0.14704640000000002,17745782.972972974,3
w43,2,4,47,0.4391936000000001,17733418.31372549,3
w11,2,57,137,5.440204800000001,17719670.530927837,4
w04,2,225,526,21.451776000000002,17689367.496671107,3
w14,2,92,218,8.7758848,17661443.832258064,3
w01,2,29,86,2.7928576000000005,17657646.339130435,4
w59,2,3,10,0.2906112,17616864.307692308,7
w82,2,3,7,0.2860032,17552686.9,5
w98,2,2,6,0.19271680000000002,17551116.5,1
w11,2,57,139,5.443276800000001,17544025.076530613,2
w04,2,225,533,21.462528000000002,17526344.540897097,7
w01,2,29,87,2.7943936000000003,17506513.30172414,1
w34,2,1,91,0.23152640000000002,17477278.75,26
w03,2,138,583,13.557043200000003,17463482.775312066,25
w09,2,138,320,13.153075200000002,17461360.13973799,15
w09,2,138,321,13.154611200000002,17423381.20479303,1
w43,2,4,48,0.44072960000000005,17393973.192307692,1
w11,2,57,141,5.446348800000001,17371893.757575758,2
w13,2,2,132,0.38625280000000006,17370507.95522388,5
w77,2,3,7,0.2860032,17330426.0,1
w75,2,5,13,0.47872000000000003,17328857.666666668,1
w16,2,1,35,0.1455104,17317968.472222224,1
w11,2,57,142,5.447884800000001,17287081.34170854,1
w35,2,1,26,0.1316864,17287036.259259257,1
w65,2,10,26,0.9574400000000001,17277560.888888888,7
w61,2,2,25,0.2219008,17262507.925925925,1
w13,2,2,133,0.38778880000000004,17245804.57037037,1
w09,2,138,326,13.162291200000002,17235937.799568966,5
w63,2,4,15,0.39004160000000004,17230982.684210528,3
w11,2,57,143,5.449420800000001,17203056.845,1
w29,2,5,17,0.4848640000000001,17177583.59090909,1
w03,2,138,596,13.577011200000003,17155223.758855585,13
w53,2,19,57,1.8308096000000003,17134854.513157893,8
w03,2,138,597,13.578547200000003,17131959.34829932,1
w11,2,57,144,5.450956800000001,17119831.298507463,1
w42,2,3,23,0.31057920000000006,17084711.884615384,2
w27,2,6,15,0.5735424,17068257.23809524,1
w37,2,3,9,0.28907520000000003,17030591.083333332,1
w105,2,1,9,0.10557440000000001,16997037.6,1
w14,2,92,231,8.7958528,16952236.476780187,13
w53,2,19,58,1.8323456000000002,16912662.07792208,1
w03,2,138,607,13.593907200000002,16902747.205369126,10
w14,2,92,232,8.7973888,16900035.5,1
w04,2,225,562,21.507072,16881852.350698855,29
w16,2,1,36,0.14704640000000002,16854000.513513513,1
w14,2,92,233,8.798924800000002,16848153.93846154,1
w03,2,138,610,13.598515200000001,16835172.5013369,3
w14,2,92,234,8.800460800000002,16796589.260736197,1
w49,2,11,32,1.0584064000000002,16795323.81395349,6
w51,2,7,20,0.6729728,16793724.48148148,3
w70,2,1,16,0.11632640000000001,16752114.0,16
w93,2,3,11,0.29214720000000005,16743450.42857143,3
w10,2,81,450,8.122982400000001,16717227.612052731,37
w44,2,3,9,0.28907520000000003,16706050.083333334,3
w14,2,92,236,8.803532800000001,16694392.152439024,2
w10,2,81,451,8.124518400000001,16685890.889097745,1
w10,2,81,455,8.130662400000002,16561664.02238806,4
w11,2,57,151,5.461708800000001,16559608.639423076,7
w53,2,19,60,1.8354176000000002,16485118.379746836,2
w11,2,57,152,5.463244800000001,16482586.703349283,1
w29,2,5,18,0.48640000000000005,16454832.130434783,1
w75,2,5,14,0.48025600000000007,16440495.52631579,1
w34,2,1,97,0.24074240000000002,16417183.5,6
w49,2,11,33,1.0599424000000002,16414753.022727273,1
w16,2,1,37,0.1485824,16414060.605263159,1
w11,2,57,153,5.464780800000001,16406288.8,1
w59,2,3,11,0.29214720000000005,16378761.07142857,1
w71,2,1,5,0.09943040000000002,16294037.333333334,2
w03,2,138,635,13.636915200000002,16292446.798188874,25
w53,2,19,61,1.8369536000000002,16279339.4875,1
w104,2,1,9,0.10557440000000001,16275709.6,9
w03,2,138,636,13.638451200000002,16271466.816537468,1
w22,2,2,21,0.21575680000000003,16235716.652173912,3
w03,2,138,638,13.641523200000002,16229667.952319589,2
w03,2,138,639,13.643059200000001,16208848.747747747,1
w13,2,2,142,0.4016128,16198879.979166666,9
w35,2,1,28,0.1347584,16168007.793103449,2
w33,2,1,18,0.11939840000000002,16160342.210526315,18
w09,2,138,357,13.209907200000002,16158302.216161616,31
w09,2,138,358,13.211443200000001,16125781.806451613,1
w34,2,1,99,0.24381440000000001,16091446.1,2
w13,2,2,143,0.40314880000000003,16090468.020689655,1
w61,2,2,27,0.22497280000000003,16085195.172413792,2
w09,2,138,361,13.216051200000003,16029002.352705412,3
w23,2,19,56,1.8292736000000003,15980298.666666666,24
w03,2,138,653,13.664563200000002,15922896.312262958,14
w62,2,2,7,0.19425280000000003,15920471.111111112,6
w01,2,29,99,2.8128256000000005,15876663.375,12
w43,2,4,53,0.4484096000000001,15873615.631578946,5
w70,2,1,17,0.1178624,15855897.166666666,1
w36,2,1,18,0.11939840000000002,15814090.578947369,18
w03,2,138,659,13.673779200000002,15803418.664993726,6
w04,2,225,616,21.590016000000002,15800190.021403091,54
w29,2,5,19,0.48793600000000004,15790545.416666666,1
w04,2,225,617,21.591552,15781467.41448931,1
w97,2,2,7,0.19425280000000003,15781432.333333334,1
w23,2,19,57,1.8308096000000003,15772623.315789474,1
w15,2,7,21,0.6745088,15768309.285714285,15
w04,2,225,618,21.593088,15762788.765124556,1
w77,2,3,8,0.28753920000000005,15761926.454545455,1
w03,2,138,662,13.678387200000003,15744347.92,3
w04,2,225,619,21.594624,15744154.06042654,1
w76,2,1,4,0.0978944,15726100.2,1
w37,2,3,10,0.2906112,15725590.076923076,1
w04,2,225,620,21.59616,15725562.5704142,1
w04,2,225,622,21.599232,15688511.286894923,2
w35,2,1,29,0.1362944,15661975.733333332,1
w01,2,29,101,2.8158976000000004,15634138.953846155,2
w04,2,225,625,21.60384,15633260.992941177,3
w60,2,1,15,0.11479040000000001,15631884.9375,7
w27,2,6,17,0.5766144000000001,15609842.739130436,2
w03,2,138,670,13.690675200000003,15588965.022277229,8
w10,2,81,489,8.182886400000001,15576032.075438596,34
w10,2,81,490,8.1844224,15548807.795096323,1
w11,2,57,165,5.483212800000001,15543969.202702703,12
w01,2,29,102,2.8174336,15515591.824427482,1
w03,2,138,674,13.696819200000002,15512419.149014778,4
w09,2,138,378,13.242163200000002,15501818.899224807,17
w04,2,225,633,21.616128,15487815.194638696,8
w04,2,225,634,21.617664,15469824.903376019,1
w11,2,57,167,5.486284800000001,15409211.91517857,2
w04,2,225,638,21.623808,15398277.330243338,4
w45,2,2,19,0.2126848,15379774.57142857,19
w02,2,1,767,1.2698624,15374431.046875,239
w13,2,2,150,0.4139008,15371096.546052631,7
w33,2,1,19,0.12093440000000001,15364491.7,1
w43,2,4,55,0.45148160000000004,15337147.06779661,2
w18,2,1,42,0.15626240000000002,15290646.581395349,6
w03,2,138,687,13.716787200000002,15268743.192727273,13
w02,2,1,773,1.2790784,15255273.536175711,6
w03,2,138,688,13.718323200000002,15250316.434624698,1
w29,2,5,20,0.4894720000000001,15178572.32,1
w01,2,29,105,2.8220416000000004,15170475.552238805,3
w11,2,57,171,5.492428800000001,15146273.486842105,4
w53,2,19,67,1.8461696,15145029.558139535,6
w14,2,92,270,8.855756800000002,15129758.82320442,34
w09,2,138,393,13.265203200000002,15064662.674199624,15
w61,2,2,29,0.22804480000000002,15059725.870967742,2
w09,2,138,394,13.266739200000002,15036393.92857143,1
w36,2,1,19,0.12093440000000001,15032953.45,1
w03,2,138,700,13.736755200000003,15032602.114558473,12
w27,2,6,18,0.5781504000000001,14970970.75,1
w09,2,138,397,13.271347200000003,14952218.444859814,3
w01,2,29,107,2.8251136000000003,14948717.080882354,2
w18,2,1,43,0.1577984,14946552.386363637,1
w22,2,2,23,0.21882880000000002,14942914.76,2
w75,2,5,16,0.48332800000000004,14916481.047619049,2
w07,2,0,2,0.003072,14905040.0,1
w14,2,92,278,8.868044800000002,14803366.82972973,8
w53,2,19,69,1.8492416000000003,14801278.840909092,2
w20,2,28,309,3.0436352,14761449.231454005,175
w49,2,11,38,1.0676224,14743639.75510204,5
w35,2,1,31,0.1393664,14742389.625,2
w03,2,138,717,13.762867200000002,14734578.392982457,17
w01,2,29,109,2.8281856000000003,14733156.38405797,2
w03,2,138,722,13.770547200000003,14649163.880232558,5
w11,2,57,179,5.504716800000001,14647106.351694915,8
w33,2,1,20,0.12247040000000001,14641040.285714285,1
w48,2,3,155,0.5133312000000001,14634747.462025316,155
w01,2,29,110,2.8297216,14627670.294964029,1
w13,2,2,158,0.42618880000000003,14622577.75625,8
w29,2,5,21,0.49100800000000006,14612765.73076923,1
w37,2,3,11,0.29214720000000005,14606381.07142857,1
w61,2,2,30,0.22958080000000003,14594506.0,1
w10,2,81,528,8.2427904,14580388.848932676,38
w40,2,2,18,0.21114880000000003,14542529.5,18
w65,2,10,33,0.968192,14469746.53488372,7
w48,2,3,157,0.5164032000000001,14454225.7375,2
w92,2,2,15,0.20654080000000002,14406038.94117647,5
w09,2,138,418,13.303603200000003,14388422.276978416,21
w22,2,2,24,0.22036480000000003,14369977.73076923,1
w48,2,3,158,0.5179392,14364742.93167702,1
w62,2,2,8,0.1957888,14339235.7,1
w35,2,1,32,0.1409024,14324346.515151516,1
w36,2,1,20,0.12247040000000001,14322429.047619049,1
w70,2,1,19,0.12093440000000001,14321573.8,2
w48,2,3,159,0.5194752,14276295.030864198,1
w75,2,5,17,0.4848640000000001,14257594.409090908,1
w03,2,138,747,13.808947200000002,14236540.56497175,25
w01,2,29,114,2.8358656000000004,14220469.251748253,4
w16,2,1,43,0.1577984,14192619.25,6
w09,2,138,426,13.315891200000003,14184680.725177305,8
w61,2,2,31,0.2311168,14157209.151515152,1
w30,2,1,37,0.1485824,14133720.078947369,11
w03,2,138,754,13.819699200000002,14125143.243273543,7
w11,2,57,188,5.518540800000001,14124154.657142857,9
w03,2,138,755,13.821235200000002,14109371.739081748,1
w29,2,5,22,0.49254400000000004,14088274.629629629,1
w03,2,138,759,13.827379200000003,14046634.519509476,4
w53,2,19,74,1.8569216000000002,14006578.774193548,5
w18,2,1,46,0.1624064,14001996.021276595,3
w71,2,1,6,0.10096640000000001,13985413.714285715,1
w14,2,92,300,8.901836800000002,13974386.727040816,22
w03,2,138,764,13.835059200000002,13968992.0,5
w13,2,2,166,0.4384768,13945005.648809524,8
w35,2,1,33,0.14243840000000002,13919772.088235294,1
w60,2,1,17,0.1178624,13918615.5,2
w11,2,57,192,5.524684800000001,13903552.313253012,4
w09,2,138,439,13.335859200000002,13865636.94627383,13
w03,2,138,772,13.847347200000002,13846532.086813187,8
w20,2,28,332,3.0789632000000005,13820082.327777777,23
w58,2,9,30,0.8718336000000001,13773185.205128206,9
w51,2,7,26,0.6821888,13747553.0,6
w09,2,138,446,13.346611200000002,13699724.79109589,7
w11,2,57,196,5.530828800000001,13689883.304347826,4
w04,2,225,746,21.789696,13689144.941297632,108
w36,2,1,21,0.12400640000000002,13675178.0,1
w75,2,5,18,0.48640000000000005,13655064.130434783,1
w04,2,225,749,21.794304,13647079.409650924,3
w13,2,2,170,0.44462080000000004,13629062.191860465,4
w29,2,5,23,0.4940800000000001,13600152.642857144,1
w03,2,138,789,13.873459200000003,13593296.499460626,17
w16,2,1,45,0.16087040000000002,13579585.326086957,2
w09,2,138,453,13.357363200000002,13537735.732656514,7
w59,2,3,14,0.29675520000000005,13537101.529411765,3
w35,2,1,34,0.1439744,13534541.657142857,1
w11,2,57,199,5.535436800000001,13533756.45703125,3
w81,2,4,13,0.3869696,13524505.705882354,9
w04,2,225,758,21.808128,13522409.997965412,9
w04,2,225,760,21.8112,13495013.699492386,2
w06,2,30,102,2.909184,13476627.43939394,40
w13,2,2,172,0.4476928,13476245.672413792,2
w47,2,2,20,0.21422080000000002,13460028.227272727,20
w09,2,138,457,13.363507200000003,13446880.342857143,4
w18,2,1,48,0.16547840000000003,13435125.326530613,2
w03,2,138,800,13.890355200000002,13434329.39978678,11
w09,2,138,458,13.365043200000002,13424355.64261745,1
w03,2,138,801,13.891891200000002,13420061.715654952,1
w13,2,2,173,0.44922880000000004,13401094.788571429,1
w33,2,1,22,0.1255424,13371951.47826087,2
w27,2,6,21,0.5827584,13336801.925925925,3
w09,2,138,462,13.371187200000001,13335007.45,4
w11,2,57,203,5.541580800000001,13331119.86923077,4
w09,2,138,465,13.375795200000002,13268772.081260365,3
w65,2,10,37,0.9743360000000001,13240587.808510639,4
w40,2,2,20,0.21422080000000002,13233548.409090908,2
w60,2,1,18,0.11939840000000002,13194796.52631579,1
w63,2,4,21,0.39925760000000005,13170510.36,6
w09,2,138,470,13.383475200000003,13159830.574013159,5
w29,2,5,24,0.49561600000000006,13145201.137931034,1
w49,2,11,44,1.0768384000000002,13138800.345454546,6
w76,2,1,5,0.09943040000000002,13120614.833333334,1
w75,2,5,19,0.48793600000000004,13101233.083333334,1
w86,2,2,11,0.2003968,13066375.923076924,6
w62,2,2,9,0.19732480000000002,13043803.181818182,1
w10,2,81,600,8.353382400000001,13041414.948604994,72
w16,2,1,47,0.16394240000000002,13017286.5625,2
w64,2,6,56,0.6365184,13017099.193548387,20
w03,2,138,835,13.944115200000002,12952378.113052415,34
w11,2,57,211,5.553868800000001,12943991.940298507,8
w27,2,6,22,0.5842944000000001,12869636.857142856,1
w04,2,225,809,21.886464,12856900.49032882,49
w11,2,57,213,5.556940800000001,12850714.292592593,2
w04,2,225,811,21.889536,12832137.043436293,2
w09,2,138,486,13.408051200000003,12822944.834935898,16
w04,2,225,813,21.892608000000003,12807468.554913295,2
w58,2,9,33,0.8764416,12798597.833333334,3
w46,2,40,245,4.046336,12775625.656140352,245
w81,2,4,14,0.38850560000000006,12774917.666666666,1
w11,2,57,215,5.560012800000001,12758801.88235294,2
w03,2,138,852,13.970227200000002,12730574.949494949,17
w42,2,3,32,0.3244032,12724639.4,9
w29,2,5,25,0.49715200000000004,12719956.9,1
w01,2,29,131,2.8619776000000003,12716847.40625,17
w04,2,225,821,21.904896,12709726.477055449,8
w03,2,138,854,13.973299200000003,12704979.346774194,2
w65,2,10,39,0.977408,12701130.673469387,2
w04,2,225,823,21.907968,12685523.346374046,2
w40,2,2,21,0.21575680000000003,12659601.695652174,1
w01,2,29,132,2.8635136,12638265.111801242,1
w03,2,138,863,13.987123200000003,12591062.603396604,9
w75,2,5,20,0.4894720000000001,12589422.36,1
w09,2,138,498,13.426483200000002,12581398.8836478,12
w10,2,81,625,8.391782400000002,12580442.851274788,25
w01,2,29,133,2.8650496000000003,12560639.938271604,1
w68,2,2,20,0.21422080000000002,12546606.227272727,15
w60,2,1,19,0.12093440000000001,12540724.75,1
w44,2,3,13,0.2952192,12537423.5,4
w11,2,57,220,5.567692800000001,12534717.66064982,5
w20,2,28,369,3.1357952000000004,12534535.720403023,37
w104,2,1,12,0.11018240000000001,12524779.615384616,3
w70,2,1,22,0.1255424,12519445.217391305,3
w89,2,1,7,0.10250240000000001,12511341.125,3
w04,2,225,839,21.932544,12495172.781954886,16
w65,2,10,40,0.9789440000000001,12447552.2,1
w04,2,225,844,21.940224,12436855.275023386,5
w27,2,6,23,0.5858304000000001,12434483.689655172,1
w04,2,225,845,21.941760000000002,12425256.528037382,1
w06,2,30,114,2.9276160000000004,12359600.75,12
w02,2,1,955,1.5586304,12351126.488493724,182
w01,2,29,136,2.8696576000000005,12333391.036363637,3
w29,2,5,26,0.498688,12321609.838709677,1
w13,2,2,189,0.4738048,12304093.513089005,16
w01,2,29,137,2.8711936000000002,12259428.861445783,1
w10,2,81,644,8.420966400000001,12251323.646896552,19
w71,2,1,7,0.10250240000000001,12249590.375,1
w02,2,1,963,1.5709184,12248629.708506225,8
w78,2,1,20,0.12247040000000001,12241904.19047619,20
w63,2,4,23,0.40232960000000006,12217873.518518519,2
w03,2,138,895,14.036275200000002,12202069.040658277,32
w67,2,1,11,0.1086464,12187586.25,11
w01,2,29,138,2.8727296000000004,12186336.209580839,1
w35,2,1,38,0.1501184,12181948.564102564,4
w03,2,138,897,14.039347200000002,12178555.595169082,2
w53,2,19,88,1.8784256000000001,12176078.70093458,14
w03,2,138,898,14.040883200000003,12166832.467181467,1
w02,2,1,970,1.5816704000000001,12160328.863027805,7
w105,2,1,13,0.11171840000000001,12149473.0,4
w02,2,1,971,1.5832064000000001,12147818.263374485,1
w03,2,138,900,14.043955200000003,12143451.747591522,2
w75,2,5,21,0.49100800000000006,12116530.384615384,1
w39,2,2,23,0.21882880000000002,12114898.08,23
w04,2,225,877,21.990912,12065170.950998185,32
w22,2,2,29,0.22804480000000002,12058190.58064516,5
w49,2,11,49,1.0845184,12046565.25,5
w06,2,30,118,2.9337600000000004,12027492.10135135,4
w70,2,1,23,0.1270784,12016030.958333334,1
w48,2,3,190,0.5670912,11987855.85492228,31
w62,2,2,10,0.19886080000000003,11962492.5,1
w29,2,5,27,0.500224,11947723.25,1
w06,2,30,119,2.935296,11947009.516778523,1
w14,2,92,367,9.004748800000002,11939108.869281046,67
w35,2,1,39,0.15165440000000002,11884546.75,1
w06,2,30,120,2.9368320000000003,11867585.066666666,1
w14,2,92,370,9.0093568,11861781.225108225,3
w53,2,19,91,1.8830336,11844424.581818182,3
w09,2,138,538,13.487923200000003,11838130.337278107,40
w01,2,29,143,2.8804096,11833561.86627907,5
w04,2,225,901,22.027776,11808501.04884547,24
w44,2,3,14,0.29675520000000005,11801634.176470589,1
w63,2,4,24,0.40386560000000005,11792426.07142857,1
w46,2,40,269,4.083200000000001,11792098.660194175,24
w106,2,1,4,0.0978944,11790697.0,2
w09,2,138,541,13.492531200000002,11785914.2179676,3
w14,2,92,373,9.0139648,11785451.12688172,3
w04,2,225,904,22.032384,11777183.141718335,3
w13,2,2,198,0.48762880000000003,11763958.755,9
w53,2,19,92,1.8845696000000003,11737856.702702703,1
w13,2,2,199,0.4891648,11706864.049751244,1
w78,2,1,21,0.12400640000000002,11702798.318181818,1
w01,2,29,146,2.8850176000000003,11631530.674285714,3
w03,2,138,947,14.116147200000002,11618816.329032257,47
w09,2,138,551,13.507891200000003,11615138.172714079,10
w09,2,138,552,13.509427200000003,11598330.775362318,1
w29,2,5,28,0.5017600000000001,11595998.0,1
w77,2,3,12,0.29368320000000003,11576303.8,4
w70,2,1,24,0.12861440000000002,11551845.44,1
w59,2,3,17,0.30136320000000005,11547061.45,3
w88,2,2,9,0.19732480000000002,11534238.0,9
w04,2,225,928,22.069248,11532506.556808326,24
w53,2,19,94,1.8876416000000003,11530354.78761062,2
w04,2,225,933,22.076928000000002,11482808.720207253,5
w04,2,225,936,22.081536,11453195.254952626,3
w58,2,9,38,0.8841216000000001,11450151.978723405,5
w09,2,138,561,13.523251200000002,11449228.024320457,9
w03,2,138,964,14.142259200000002,11440066.82123412,17
w60,2,1,21,0.12400640000000002,11410908.772727273,2
w03,2,138,967,14.146867200000003,11409092.475113122,3
w105,2,1,14,0.1132544,11340524.133333333,1
w09,2,138,568,13.534003200000003,11335886.399433428,7
w35,2,1,41,0.15472640000000001,11329697.357142856,2
w75,2,5,23,0.4940800000000001,11271396.357142856,2
w29,2,5,29,0.5032960000000001,11264819.88235294,1
w76,2,1,6,0.10096640000000001,11257833.714285715,1
w10,2,81,710,8.522342400000001,11230855.745891277,66
w04,2,225,960,22.1184,11221684.47257384,24
w39,2,2,25,0.2219008,11220700.370370371,2
w04,2,225,961,22.119936000000003,11212241.459527824,1
w04,2,225,965,22.12608,11174626.912605042,4
w53,2,19,98,1.8937856000000002,11136603.512820512,4
w89,2,1,8,0.1040384,11124599.777777778,1
w62,2,2,11,0.2003968,11046304.076923076,1
w59,2,3,18,0.30289920000000004,11009676.952380951,1
w10,2,81,728,8.549990400000002,10981376.4894932,18
w29,2,5,30,0.5048320000000001,10952153.742857143,1
w07,2,0,3,0.004608,10918687.0,1
w60,2,1,22,0.1255424,10918268.173913043,1
w64,2,6,68,0.6549504,10908906.68918919,12
w61,2,2,41,0.24647680000000002,10898785.953488372,10
w03,2,138,1019,14.226739200000003,10897688.399308557,52
w04,2,225,999,22.178304,10864811.161764706,34
w06,2,30,134,2.958336,10857137.951219512,14
w77,2,3,13,0.2952192,10856739.9375,1
w35,2,1,43,0.1577984,10824964.386363637,2
w04,2,225,1005,22.18752,10811914.350406503,6
w10,2,81,741,8.5699584,10807984.547445256,13
w10,2,81,742,8.5714944,10794873.240583232,1
w78,2,1,23,0.1270784,10736590.916666666,2
w13,2,2,218,0.5183488,10720540.918181818,19
w84,2,1,25,0.1301504,10700404.26923077,25
w22,2,2,33,0.23418880000000003,10682639.142857144,4
w63,2,4,27,0.40847360000000005,10678749.451612903,3
w03,2,138,1043,14.263603200000002,10676841.268416597,24
w13,2,2,219,0.5198848,10673187.71040724,1
w29,2,5,31,0.506368,10656677.527777778,1
w61,2,2,42,0.24801280000000003,10654378.772727273,1
w27,2,6,28,0.5935104000000001,10641368.764705881,5
w46,2,40,303,4.135424,10634345.390670555,34
w64,2,6,70,0.6580224000000001,10622172.736842105,2
w86,2,2,14,0.20500480000000001,10618793.8125,3
w88,2,2,10,0.19886080000000003,10601080.25,1
w35,2,1,44,0.15933440000000001,10589182.022222223,1
w03,2,138,1053,14.278963200000002,10587446.287153652,10
w13,2,2,221,0.5229568,10579685.97309417,2
w04,2,225,1034,22.232064,10563346.966640191,29
w58,2,9,42,0.8902656000000001,10560037.705882354,4
w65,2,10,49,0.9927680000000001,10551603.661016949,9
w13,2,2,222,0.5244928,10533485.870535715,1
w59,2,3,19,0.3044352,10521022.045454545,1
w13,2,2,223,0.5260288,10487680.626666667,1
w06,2,30,140,2.9675520000000004,10474922.470588235,6
w67,2,1,13,0.11171840000000001,10467082.142857144,2
w01,2,29,166,2.9157376000000004,10443169.692307692,20
w72,2,2,11,0.2003968,10438236.615384616,11
w13,2,2,225,0.5291008,10397256.418502202,2
w29,2,5,32,0.507904,10376684.594594594,1
w03,2,138,1078,14.317363200000003,10370379.605263159,25
w35,2,1,45,0.16087040000000002,10362631.304347826,1
w27,2,6,29,0.5950464000000001,10343751.6,1
w04,2,225,1061,22.273536,10341991.709953343,27
w03,2,138,1082,14.323507200000002,10336473.269672131,4
w04,2,225,1062,22.275072,10333971.714840716,1
w84,2,1,26,0.1316864,10326607.555555556,1
w78,2,1,24,0.12861440000000002,10311149.72,1
w09,2,138,639,13.643059200000001,10301614.06949807,71
w09,2,138,640,13.644595200000003,10288394.772493573,1
w03,2,138,1088,14.332723200000002,10286027.224306688,6
w04,2,225,1070,22.28736,10270254.562934363,8
w62,2,2,12,0.20193280000000002,10259314.357142856,1
w16,2,1,60,0.18391040000000003,10256831.655737706,13
w104,2,1,15,0.11479040000000001,10179429.875,3
w03,2,138,1102,14.354227200000002,10170207.875,14
w04,2,225,1084,22.308864,10160620.568372803,14
w14,2,92,448,9.129164800000002,10152802.2,75
w04,2,225,1086,22.311936,10145149.62471396,2
w04,2,225,1088,22.315008000000002,10129725.588728104,2
w14,2,92,450,9.132236800000001,10115446.767527675,2
w29,2,5,33,0.50944,10110997.868421054,1
w09,2,138,655,13.667635200000003,10094093.655737706,15
w13,2,2,232,0.5398528,10092401.683760684,7
w16,2,1,61,0.1854464,10092395.564516129,1
w59,2,3,20,0.30597120000000005,10074118.782608695,1
w03,2,138,1114,14.372659200000003,10072980.781948881,12
w27,2,6,30,0.5965824000000001,10062590.694444444,1
w13,2,2,233,0.5413888,10050319.20851064,1
w65,2,10,52,0.997376,10041928.483870968,3
w44,2,3,17,0.30136320000000005,10034739.25,3
w03,2,138,1119,14.380339200000002,10033015.607796341,5
w03,2,138,1121,14.383411200000003,10017117.95949166,2
w58,2,9,45,0.8948736,9978213.648148147,3
w84,2,1,27,0.13322240000000002,9970731.892857144,1
w03,2,138,1127,14.392627200000002,9969725.983399209,6
w03,2,138,1130,14.397235200000003,9946196.746845426,3
w17,2,1,110,0.2607104,9941844.504504504,63
w04,2,225,1113,22.353408,9940807.683856502,25
w01,2,29,176,2.9310976,9935790.463414634,10
w78,2,1,25,0.1301504,9917441.884615384,1
w75,2,5,27,0.500224,9895617.0,4
w01,2,29,177,2.9326336000000004,9887746.898058252,1
w65,2,10,53,0.9989120000000001,9882806.365079366,1
w14,2,92,463,9.152204800000002,9879177.212612612,13
w14,2,92,464,9.153740800000001,9861459.27877698,1
w29,2,5,34,0.5109760000000001,9858620.256410256,1
w14,2,92,465,9.155276800000001,9843804.962298024,1
w22,2,2,36,0.23879680000000003,9840617.736842105,3
w03,2,138,1144,14.418739200000003,9837847.639625585,14
w71,2,1,9,0.10557440000000001,9817091.0,2
w27,2,6,31,0.5981184,9796371.81081081,1
w13,2,2,240,0.5521408000000001,9765346.52892562,7
w74,2,1,10,0.10711040000000001,9756191.818181818,10
w09,2,138,683,13.710643200000002,9750381.148599269,28
w03,2,138,1157,14.438707200000003,9739333.681853281,13
w13,2,2,241,0.5536768000000001,9725946.283950618,1
w03,2,138,1162,14.446387200000002,9701968.003846154,5
w04,2,225,1147,22.405632,9694918.170553936,34
w70,2,1,29,0.1362944,9693590.566666666,5
w84,2,1,28,0.1347584,9633350.862068966,1
w09,2,138,694,13.727539200000002,9621669.325721154,11
w29,2,5,35,0.5125120000000001,9618683.35,1
w09,2,138,697,13.732147200000002,9587150.859880239,3
w61,2,2,47,0.25569280000000005,9581938.448979592,5
w65,2,10,55,1.0019840000000002,9579246.584615385,2
w62,2,2,13,0.2034688,9576662.266666668,1
w04,2,225,1165,22.43328,9569610.110791367,18
w04,2,225,1167,22.436352,9555886.95545977,2
w78,2,1,26,0.1316864,9552775.888888888,1
w04,2,225,1168,22.437888,9549039.937544867,1
w27,2,6,32,0.5996544,9543981.815789474,1
w69,2,1,31,0.1393664,9540368.8125,31
w14,2,92,483,9.1829248,9536510.44695652,18
w87,2,3,16,0.2998272,9536211.315789474,11
w09,2,138,704,13.742899200000002,9507564.163895488,7
w42,2,3,44,0.3428352,9507217.829787234,12
w09,2,138,705,13.744435200000002,9496302.18505338,1
w13,2,2,248,0.5644288,9458538.312,7
w14,2,92,488,9.190604800000001,9454527.127586206,5
w03,2,138,1200,14.504755200000002,9427114.295964126,38
w03,2,138,1201,14.506291200000003,9420091.776699029,1
w03,2,138,1202,14.507827200000003,9413079.356716419,1
w03,2,138,1203,14.509363200000003,9406077.31469053,1
w70,2,1,30,0.13783040000000002,9393037.709677419,1
w29,2,5,36,0.5140480000000001,9390141.390243903,1
w09,2,138,715,13.759795200000003,9385131.15123095,10
w32,2,7,37,0.6990848000000001,9364838.590909092,26
w16,2,1,66,0.19312640000000003,9343576.776119404,5
w75,2,5,29,0.5032960000000001,9328929.088235294,2
w27,2,6,33,0.6011904,9304299.743589744,1
w64,2,6,81,0.6749184,9280247.816091955,11
w69,2,1,32,0.1409024,9261145.636363637,1
w10,2,81,881,8.784998400000001,9237583.826403327,139
w13,2,2,255,0.5751808,9205344.809338521,7
w09,2,138,732,13.785907200000002,9202001.259770116,17
w09,2,138,733,13.787443200000002,9191451.38346728,1
w64,2,6,82,0.6764544000000001,9174887.522727273,1
w29,2,5,37,0.515584,9172450.785714285,1
w77,2,3,16,0.2998272,9152293.631578946,3
w01,2,29,194,2.9587456000000003,9136479.170403587,17
w46,2,40,360,4.222976,9130106.3375,57
w72,2,2,13,0.2034688,9091241.6,2
w75,2,5,30,0.5048320000000001,9068824.685714286,1
w13,2,2,259,0.5813248,9066696.007662835,4
w87,2,3,17,0.30136320000000005,9063948.65,1
w17,2,1,121,0.27760640000000003,9063831.213114753,11
w01,2,29,196,2.9618176000000003,9055538.128888888,2
w61,2,2,50,0.2603008,9036610.192307692,3
w13,2,2,260,0.5828608,9032612.393129772,1
w01,2,29,197,2.9633536000000005,9015593.238938052,1
w13,2,2,261,0.5843968,8998782.965779468,1
w69,2,1,33,0.14243840000000002,8998217.5,1
w63,2,4,33,0.41768960000000005,8985972.621621622,6
w03,2,138,1266,14.606131200000002,8985029.903133903,63
w62,2,2,14,0.20500480000000001,8979098.0625,1
w03,2,138,1267,14.607667200000002,8978650.246975088,1
w74,2,1,11,0.1086464,8968908.333333334,1
w04,2,225,1262,22.582272,8946515.966375252,94
w42,2,3,47,0.34744320000000006,8943852.58,3
w86,2,2,17,0.20961280000000002,8943512.105263159,3
w59,2,3,23,0.31057920000000006,8938723.384615384,3
w17,2,1,123,0.2806784,8920532.370967742,2
w03,2,138,1278,14.624563200000003,8909065.908898305,11
w03,2,138,1279,14.626099200000002,8902793.402258292,1
w13,2,2,264,0.5890048000000001,8898759.421052631,3
w04,2,225,1270,22.59456,8898731.797324415,8
w20,2,28,532,3.3861632000000004,8893535.532142857,163
w13,2,2,265,0.5905408000000001,8865916.011235954,1
w20,2,28,534,3.3892352000000003,8861976.603202848,2
w27,2,6,35,0.6042624000000001,8859319.56097561,2
w01,2,29,201,2.9694976000000004,8859282.578260869,4
w75,2,5,31,0.506368,8823015.277777778,1
w01,2,29,203,2.9725696000000004,8783135.23275862,2
w17,2,1,125,0.2837504,8781217.031746032,2
w04,2,225,1291,22.626816,8775697.183377309,21
w29,2,5,39,0.518656,8766113.75,2
w03,2,138,1302,14.661427200000002,8760926.47986111,23
w14,2,92,535,9.2627968,8747716.207336523,47
w84,2,1,31,0.1393664,8746137.875,3
w04,2,225,1297,22.636032,8741167.839684626,6
w48,2,3,262,0.6776832,8736667.958490565,72
w09,2,138,779,13.858099200000002,8731023.677208288,46
w01,2,29,205,2.9756416000000003,8708285.273504274,2
w01,2,29,206,2.9771776,8671333.740425533,1
w30,2,1,62,0.1869824,8669508.80952381,25
w09,2,138,787,13.870387200000003,8655623.44108108,8
w67,2,1,16,0.11632640000000001,8637842.529411765,3
w87,2,3,18,0.30289920000000004,8635740.666666666,1
w01,2,29,207,2.9787136000000003,8634694.838983051,1
w59,2,3,24,0.31211520000000004,8616041.222222222,1
w13,2,2,273,0.6028288,8611621.12,8
w06,2,30,177,3.0243840000000004,8605631.222222222,37
w09,2,138,793,13.879603200000002,8599923.23415682,6
w07,2,0,4,0.006144,8589942.75,1
w04,2,225,1325,22.67904,8583564.593548387,28
w04,2,225,1326,22.680576000000002,8578040.944551902,1
w29,2,5,40,0.5201920000000001,8576278.644444445,1
w104,2,1,18,0.11939840000000002,8574291.894736841,3
w20,2,28,553,3.4184192,8572996.030981068,19
w14,2,92,548,9.2827648,8570542.0875,13
w14,2,92,549,9.2843008,8557210.833073324,1
w09,2,138,798,13.887283200000002,8554051.202991452,5
w03,2,138,1337,14.715187200000003,8553524.505084746,35
w30,2,1,63,0.18851840000000003,8539496.546875,1
w72,2,2,14,0.20500480000000001,8535311.5,1
w81,2,4,23,0.40232960000000006,8525727.185185185,9
w04,2,225,1337,22.697472,8517747.096670935,11
w09,2,138,802,13.893427200000001,8517704.10531915,4
w69,2,1,35,0.1455104,8513936.833333334,2
w41,2,3,30,0.32133120000000004,8510944.606060605,30
w04,2,225,1340,22.702080000000002,8501449.987220448,3
w47,2,2,33,0.23418880000000003,8498600.314285714,13
w01,2,29,211,2.9848576,8491192.104166666,4
w84,2,1,32,0.1409024,8485385.909090908,1
w01,2,29,212,2.9863936000000004,8456060.14107884,1
w58,2,9,55,0.9102336000000001,8429796.703125,10
w20,2,28,565,3.4368512000000004,8400013.10961214,12
w29,2,5,41,0.5217280000000001,8394400.326086957,1
w17,2,1,131,0.2929664,8388198.840909091,6
w60,2,1,29,0.1362944,8386420.333333333,7
w03,2,138,1367,14.761267200000002,8383423.441196013,30
w13,2,2,281,0.6151168,8371239.371024735,8
w75,2,5,33,0.50944,8369707.105263158,2
w03,2,138,1370,14.765875200000002,8366784.712201592,3
w03,2,138,1371,14.767411200000002,8361253.121272366,1
w09,2,138,821,13.922611200000002,8349188.547445255,19
w03,2,138,1374,14.772019200000003,8344701.468253968,3
w13,2,2,282,0.6166528,8342138.788732395,1
w09,2,138,822,13.924147200000002,8340504.03125,1
w06,2,30,184,3.0351360000000005,8324664.051401869,7
w69,2,1,36,0.14704640000000002,8291184.324324325,1
w74,2,1,12,0.11018240000000001,8291087.615384615,1
w04,2,225,1383,22.768128,8274532.946517413,43
w41,2,3,31,0.3228672,8262388.205882353,1
w61,2,2,55,0.2679808,8254890.8771929825,5
w06,2,30,186,3.0382080000000005,8247701.481481481,2
w03,2,138,1392,14.799667200000002,8246752.1921568625,18
w87,2,3,19,0.3044352,8245848.318181818,1
w04,2,225,1396,22.788096,8208295.228254164,13
w01,2,29,220,2.9986816000000003,8185139.289156627,8
w14,2,92,579,9.3303808,8175654.764530552,30
w06,2,30,188,3.0412800000000004,8172104.821100918,2
w75,2,5,34,0.5109760000000001,8160438.230769231,1
w04,2,225,1407,22.804992000000002,8153068.996936275,11
w14,2,92,581,9.333452800000002,8151425.952451709,2
w104,2,1,19,0.12093440000000001,8146254.6,1
w04,2,225,1409,22.808064,8143107.688494492,2
w22,2,2,44,0.2510848,8131575.304347826,8
w63,2,4,37,0.42383360000000003,8130788.634146341,4
w14,2,92,584,9.338060800000001,8115351.431952663,3
w61,2,2,56,0.2695168,8114575.551724138,1
w01,2,29,223,3.0032896000000004,8087973.146825396,3
w27,2,6,39,0.6104064,8087813.133333334,4
w30,2,1,67,0.1946624,8057126.720588235,4
w01,2,29,224,3.0048256,8056090.442687747,1
w29,2,5,43,0.5248,8052898.854166667,2
w72,2,2,15,0.20654080000000002,8040807.0,1
w84,2,1,34,0.1439744,8007168.742857143,2
w38,2,5,39,0.518656,7972475.409090909,26
w24,2,12,79,1.2223488000000002,7954084.879120879,68
w04,2,225,1449,22.869504,7948879.869175627,40
w04,2,225,1451,22.872576000000002,7939411.319212411,2
w81,2,4,25,0.40540160000000003,7938901.655172414,2
w03,2,138,1457,14.899507200000002,7911439.487774295,65
w04,2,225,1459,22.884864,7901761.0849168645,8
w45,2,2,39,0.24340480000000003,7898927.024390244,20
w29,2,5,44,0.526336,7892408.3877551025,1
w17,2,1,140,0.3067904,7859610.141843972,9
w42,2,3,54,0.35819520000000005,7859572.929824562,7
w09,2,138,882,14.016307200000002,7850565.15,60
w09,2,138,884,14.019379200000003,7835224.105675147,2
w20,2,28,609,3.5044352000000005,7821426.885400314,44
w04,2,225,1481,22.918656000000002,7800041.414419695,22
w55,2,1,12,0.11018240000000001,7794812.692307692,12
w09,2,138,890,14.028595200000002,7789556.178015565,6
w84,2,1,35,0.1455104,7787452.972222222,1
w04,2,225,1484,22.923264,7786373.00234055,3
w59,2,3,27,0.31672320000000004,7776862.466666667,3
w63,2,4,39,0.42690560000000005,7762324.651162791,2
w09,2,138,894,14.034739200000002,7759405.572674419,4
w09,2,138,895,14.036275200000002,7751904.223620523,1
w29,2,5,45,0.527872,7738268.08,1
w67,2,1,18,0.11939840000000002,7737858.7894736845,2
w42,2,3,55,0.35973120000000003,7726014.25862069,1
w03,2,138,1496,14.959411200000002,7723046.998164015,39
w18,2,1,85,0.22231040000000002,7699086.872093023,37
w01,2,29,236,3.0232576000000004,7692250.939622642,12
w69,2,1,39,0.15165440000000002,7689544.95,3
w04,2,225,1508,22.960128,7678728.070975187,24
w81,2,4,26,0.4069376,7674815.133333334,1
w01,2,29,237,3.0247936,7663411.312030075,1
w32,2,7,47,0.7144448000000001,7646265.685185186,10
w11,2,57,406,5.853388800000001,7634872.051835853,186
w24,2,12,83,1.2284928000000002,7621348.72631579,4
w18,2,1,86,0.2238464,7611704.885057472,1
w27,2,6,42,0.6150144000000001,7592699.270833333,3
w75,2,5,37,0.515584,7591272.095238095,3
w63,2,4,40,0.42844160000000003,7590404.545454546,1
w29,2,5,46,0.5294080000000001,7590032.882352941,1
w13,2,2,311,0.6611968,7578248.638977636,29
w62,2,2,17,0.20961280000000002,7563470.052631579,3
w99,2,3,23,0.31057920000000006,7542399.692307692,23
w09,2,138,925,14.082355200000002,7533423.8946378175,30
w59,2,3,28,0.3182592,7532768.935483871,1
w11,2,57,414,5.865676800000001,7510710.0806794055,8
w69,2,1,40,0.1531904,7508356.463414635,1
w58,2,9,63,0.9225216,7497830.930555556,8
w11,2,57,415,5.867212800000001,7495426.580508474,1
w80,2,2,15,0.20654080000000002,7476669.882352941,14
w04,2,225,1558,23.036928,7463766.57767807,50
w29,2,5,47,0.5309440000000001,7447261.442307692,1
w81,2,4,27,0.40847360000000005,7427725.774193549,1
w09,2,138,941,14.106931200000002,7421865.988878591,16
w75,2,5,38,0.51712,7418532.069767442,1
w03,2,138,1565,15.065395200000003,7410874.846741045,69
w09,2,138,945,14.113075200000003,7394490.521698984,4
w20,2,28,646,3.5612672000000005,7393337.899109792,37
w01,2,29,247,3.0401536000000005,7386471.416666667,10
w84,2,1,37,0.1485824,7382286.052631579,2
w09,2,138,947,14.116147200000002,7380878.157603687,2
w09,2,138,949,14.119219200000002,7367315.850045999,2
w01,2,29,248,3.0416896,7359873.649819494,1
w06,2,30,213,3.07968,7331952.518518519,25
w29,2,5,48,0.5324800000000001,7309835.471698113,1
w04,2,225,1599,23.099904000000002,7296286.07620614,41
w27,2,6,44,0.6180864,7295446.78,2
w14,2,92,665,9.462476800000001,7249359.248348745,81
w30,2,1,75,0.2069504,7243498.986842105,8
w04,2,225,1613,23.121408000000002,7240808.671926007,14
w04,2,225,1614,23.122944,7236878.164763458,1
w60,2,1,34,0.1439744,7197851.657142857,5
w20,2,28,665,3.5904512000000004,7191246.783549784,19
w29,2,5,49,0.534016,7177394.407407408,1
w38,2,5,44,0.526336,7173399.632653061,5
w69,2,1,42,0.15626240000000002,7171245.395348838,2
w17,2,1,154,0.3282944,7159224.09032258,14
w27,2,6,45,0.6196224,7155420.31372549,1
w06,2,30,219,3.088896,7155364.3534136545,6
w88,2,2,16,0.2080768,7149089.666666667,6
w04,2,225,1640,23.16288,7136163.080428954,26
w11,2,57,440,5.905612800000001,7133110.014084507,25
w01,2,29,257,3.0555136000000003,7128845.660839161,9
w11,2,57,441,5.907148800000001,7119362.391566265,1
w63,2,4,43,0.43304960000000003,7116357.44680851,3
w09,2,138,988,14.179123200000003,7112472.438721137,39
w01,2,29,258,3.0570496000000005,7104065.320557491,1
w06,2,30,221,3.0919680000000005,7098374.270916334,2
w75,2,5,40,0.5201920000000001,7095480.511111111,2
w07,2,0,5,0.00768,7088697.2,1
w13,2,2,333,0.6949888000000001,7086053.074626866,22
w104,2,1,22,0.1255424,7085251.434782608,3
w20,2,28,676,3.6073472000000004,7079225.403409091,11
w80,2,2,16,0.2080768,7072350.444444444,1
w06,2,30,222,3.0935040000000003,7070215.353174604,1
w20,2,28,677,3.6088832,7069214.212765957,1
w01,2,29,260,3.0601216000000004,7055016.498269896,2
w29,2,5,50,0.535552,7049662.490909091,1
w06,2,30,223,3.0950400000000005,7042278.640316205,1
w38,2,5,45,0.527872,7032443.58,1
w04,2,225,1671,23.210496,7019684.458333333,31
w06,2,30,224,3.096576,7014561.503937008,1
w58,2,9,68,0.9302016000000001,7013673.441558441,5
w60,2,1,35,0.1455104,6999390.25,1
w01,2,29,263,3.0647296,6982700.219178082,3
w30,2,1,78,0.2115584,6980369.0,3
w24,2,12,92,1.2423168000000002,6965934.288461538,9
w11,2,57,453,5.9255808000000005,6958133.370588236,12
w04,2,225,1691,23.241216,6946532.924321503,20
w61,2,2,66,0.28487680000000004,6937233.705882353,10
w03,2,138,1682,15.245107200000003,6935594.534065934,117
w01,2,29,265,3.0678016,6935306.979591837,2
w03,2,138,1684,15.248179200000003,6928000.040065861,2
w29,2,5,51,0.537088,6926372.321428572,1
w11,2,57,456,5.930188800000001,6918945.233918129,3
w01,2,29,266,3.0693376000000003,6911851.135593221,1
w11,2,57,457,5.931724800000001,6905948.601167316,1
w04,2,225,1704,23.261184,6899797.657335407,13
w30,2,1,79,0.21309440000000002,6896844.4125,1
w38,2,5,46,0.5294080000000001,6896797.294117647,1
w09,2,138,1024,14.234419200000001,6892415.529259897,36
w27,2,6,47,0.6226944000000001,6891025.811320755,2
w32,2,7,53,0.7236608000000001,6888822.383333334,6
w04,2,225,1708,23.267328,6885543.851008794,4
w11,2,57,461,5.937868800000001,6854394.345559846,4
w72,2,2,18,0.21114880000000003,6851826.55,3
w01,2,29,269,3.0739456,6842423.634228188,3
w63,2,4,45,0.43612160000000005,6831899.448979592,2
w09,2,138,1035,14.251315200000002,6827864.947144075,11
w09,2,138,1036,14.252851200000002,6822056.689948892,1
w09,2,138,1037,14.254387200000002,6816258.316595744,1
w20,2,28,706,3.6534272000000003,6790707.44414169,29
w11,2,57,467,5.947084800000001,6778511.080152672,6
w09,2,138,1044,14.265139200000002,6775943.27072758,7
w01,2,29,272,3.0785536000000002,6774370.365448505,3
w49,2,11,96,1.1567104000000001,6767453.943925234,47
w38,2,5,47,0.5309440000000001,6766247.557692308,1
w11,2,57,468,5.948620800000001,6766016.906666666,1
w09,2,138,1051,14.275891200000002,6736101.882253995,7
w09,2,138,1052,14.277427200000002,6730448.367226891,1
w69,2,1,45,0.16087040000000002,6719919.347826087,3
w80,2,2,17,0.20961280000000002,6707681.684210527,1
w29,2,5,53,0.5401600000000001,6692208.275862069,2
w13,2,2,353,0.7257088,6691441.8647887325,20
w11,2,57,475,5.959372800000001,6679831.687969925,7
w35,2,1,71,0.2008064,6679819.722222222,26
w61,2,2,69,0.28948480000000004,6648350.985915493,3
w09,2,138,1067,14.300467200000002,6646768.70373444,15
w28,2,13,123,1.3816832000000001,6630324.544117647,93
w15,2,7,60,0.7344128000000001,6598116.358208955,39
w14,2,92,740,9.5776768,6597710.550480769,75
w35,2,1,72,0.2023424,6590326.369863014,1
w28,2,13,124,1.3832192,6582821.145985401,1
w69,2,1,46,0.1624064,6581708.914893617,1
w29,2,5,54,0.5416960000000001,6581028.983050847,1
w11,2,57,484,5.973196800000001,6572213.537892791,9
w11,2,57,485,5.974732800000001,6560468.156826568,1
w79,2,1,21,0.12400640000000002,6553094.454545454,21
w14,2,92,746,9.586892800000001,6550614.210023866,6
w04,2,225,1808,23.420928,6547415.15199213,100
w11,2,57,487,5.977804800000001,6537054.1875,2
w14,2,92,748,9.5899648,6535064.310714286,2
w20,2,28,735,3.6979712000000005,6533331.255570118,29
w27,2,6,50,0.6273024,6529487.892857143,3
w04,2,225,1814,23.430144000000002,6528181.954389406,6
w75,2,5,44,0.526336,6527719.632653061,4
w14,2,92,749,9.5915008,6527315.629013079,1
w04,2,225,1816,23.433216,6521795.964723174,2
w104,2,1,24,0.12861440000000002,6519236.04,2
w35,2,1,73,0.20387840000000002,6502904.621621622,1
w04,2,225,1824,23.445504,6496375.291849683,8
w11,2,57,491,5.983948800000001,6490730.817518248,4
w01,2,29,286,3.1000576000000004,6473913.634920635,14
w49,2,11,101,1.1643904,6466449.0625,5
w60,2,1,38,0.1501184,6464965.358974359,3
w04,2,225,1834,23.460864,6464877.21029626,10
w20,2,28,746,3.7148672000000005,6440750.638242894,11
w04,2,225,1844,23.476224000000002,6433683.266795553,10
w11,2,57,497,5.993164800000001,6422486.465703971,6
w04,2,225,1848,23.482368,6421289.853352629,4
w11,2,57,498,5.994700800000001,6411242.992792793,1
w38,2,5,50,0.535552,6400908.618181818,3
w84,2,1,43,0.1577984,6385621.795454546,6
w61,2,2,72,0.29409280000000004,6382804.378378378,3
w04,2,225,1861,23.502336,6381339.1006711405,13
w74,2,1,16,0.11632640000000001,6368001.882352941,4
w11,2,57,502,6.000844800000001,6366669.515205724,4
w03,2,138,1846,15.497011200000003,6363663.677419355,162
w09,2,138,1121,14.383411200000003,6362029.763304209,54
w03,2,138,1849,15.501619200000002,6354078.7911424255,3
w55,2,1,15,0.11479040000000001,6343761.25,3
w96,2,2,17,0.20961280000000002,6328839.842105263,15
w63,2,4,49,0.44226560000000004,6326968.377358491,4
w11,2,57,506,6.006988800000001,6322656.150976909,4
w06,2,30,252,3.139584,6318278.315602837,28
w27,2,6,52,0.6303744,6309201.431034483,2
w13,2,2,375,0.7595008000000001,6305067.167108754,22
w13,2,2,376,0.7610368000000001,6288565.529100529,1
w75,2,5,46,0.5294080000000001,6276750.725490196,2
w13,2,2,377,0.7625728,6272145.015831134,1
w29,2,5,57,0.546304,6268817.322580645,3
w87,2,3,26,0.3151872,6267682.586206896,7
w20,2,28,768,3.7486592000000005,6263248.020100502,22
w84,2,1,44,0.15933440000000001,6244839.755555555,1
w04,2,225,1908,23.574528,6240962.25082044,47
w72,2,2,20,0.21422080000000002,6239271.2272727275,2
w14,2,92,789,9.652940800000001,6231786.972758229,40
w30,2,1,88,0.22691840000000002,6225513.898876404,9
w01,2,29,299,3.1200256000000004,6217871.021341464,13
w61,2,2,74,0.2971648,6217153.894736842,2
w58,2,9,78,0.9455616000000001,6211220.551724138,10
w39,2,2,47,0.25569280000000005,6200222.857142857,22
w01,2,29,300,3.1215616,6199008.7902735565,1
w70,2,1,47,0.16394240000000002,6198895.229166667,17
w01,2,29,301,3.1230976000000004,6180258.8121212125,1
w29,2,5,58,0.5478400000000001,6171213.047619048,1
w78,2,1,41,0.15472640000000001,6166562.952380952,15
w01,2,29,302,3.1246336,6161620.83081571,1
w04,2,225,1940,23.62368,6148870.995381062,32
w58,2,9,79,0.9470976000000001,6140935.625,1
w27,2,6,54,0.6334464000000001,6103364.55,2
w30,2,1,90,0.2299904,6093853.0,2
w32,2,7,61,0.7359488000000001,6084893.55882353,8
w29,2,5,59,0.5493760000000001,6076539.03125,1
w38,2,5,53,0.5401600000000001,6073189.0,3
w04,2,225,1970,23.66976,6064968.959908884,30
w04,2,225,1972,23.672832,6059456.822485207,2
w20,2,28,795,3.7901312000000003,6058322.731470231,27
w04,2,225,1973,23.674368,6056704.494995451,1
w07,2,0,6,0.009216,6044517.166666667,1
w78,2,1,42,0.15626240000000002,6024530.534883721,1
w74,2,1,17,0.1178624,6019739.277777778,1
w32,2,7,62,0.7374848,5997354.376811594,1
w29,2,5,60,0.5509120000000001,5984633.953846154,1
w72,2,2,21,0.21575680000000003,5971649.782608695,1
w09,2,138,1204,14.510899200000003,5969032.369597616,83
w70,2,1,49,0.1670144,5963491.62,2
w39,2,2,49,0.2587648,5957859.137254902,2
w47,2,2,48,0.25722880000000004,5953942.9,15
w09,2,138,1208,14.517043200000002,5951316.335066865,4
w09,2,138,1211,14.521651200000003,5938097.955522609,3
w13,2,2,399,0.7963648,5931569.476309227,22
w68,2,2,46,0.2541568,5912443.333333333,26
w44,2,3,31,0.3228672,5911097.44117647,14
w27,2,6,56,0.6365184,5910533.225806451,2
w03,2,138,1999,15.732019200000002,5909145.752456715,150
w91,2,2,21,0.21575680000000003,5908954.347826087,21
w67,2,1,24,0.12861440000000002,5898104.04,6
w24,2,12,111,1.2715008,5896633.544715447,19
w29,2,5,61,0.552448,5895455.7727272725,1
w63,2,4,53,0.4484096000000001,5892901.684210527,4
w78,2,1,43,0.1577984,5888817.0,1
w14,2,92,842,9.734348800000001,5879156.967880086,53
w13,2,2,403,0.8025088,5873550.958024692,4
w03,2,138,2021,15.765811200000002,5849077.139416397,22
w13,2,2,405,0.8055808,5844948.6953316955,2
w47,2,2,49,0.2587648,5837423.431372549,1
w11,2,57,555,6.082252800000001,5829709.669934641,49
w11,2,57,556,6.083788800000001,5820466.314845025,1
w13,2,2,407,0.8086528000000001,5816618.17603912,2
w01,2,29,322,3.1553536,5811153.675213675,20
w29,2,5,62,0.553984,5808916.3432835825,1
w79,2,1,24,0.12861440000000002,5801774.36,3
w68,2,2,47,0.25569280000000005,5796760.653061224,1
w11,2,57,559,6.088396800000001,5792903.090909091,3
w04,2,225,2074,23.829504,5791049.625489343,101
w45,2,2,54,0.26644480000000004,5787927.017857143,15
w11,2,57,562,6.093004800000001,5765585.016155089,3
w16,2,1,108,0.25763840000000005,5765445.798165138,42
w52,2,2,25,0.2219008,5757783.259259259,20
w20,2,28,840,3.8592512,5745075.620967742,45
w29,2,5,63,0.55552,5724871.470588235,1
w03,2,138,2072,15.844147200000002,5714425.619457014,51
w20,2,28,846,3.8684672000000004,5705741.723112128,6
w61,2,2,81,0.3079168,5700116.602409638,7
w63,2,4,55,0.45148160000000004,5697193.033898305,2
w06,2,30,283,3.1872000000000003,5692645.77316294,31
w45,2,2,55,0.2679808,5686581.96491228,1
w03,2,138,2087,15.867187200000002,5675993.520449438,15
w67,2,1,25,0.1301504,5673782.346153846,1
w91,2,2,22,0.2172928,5671926.458333333,1
w30,2,1,97,0.24074240000000002,5671783.928571428,7
w01,2,29,331,3.1691776000000003,5666143.588888889,9
w69,2,1,54,0.17469440000000003,5651702.672727273,8
w01,2,29,332,3.1707136,5650475.049861495,1
w11,2,57,575,6.112972800000001,5650175.113924051,13
w14,2,92,880,9.7927168,5649963.046296297,38
w88,2,2,21,0.21575680000000003,5647595.043478261,5
w20,2,28,856,3.8838272000000003,5641370.478506788,10
w09,2,138,1284,14.633779200000003,5633630.395218003,73
w58,2,9,87,0.9593856000000001,5631125.729166667,8
w75,2,5,52,0.538624,5627807.947368421,6
w63,2,4,56,0.4530176,5604019.583333333,1
w20,2,28,864,3.8961152000000006,5590896.856502242,8
w11,2,57,582,6.123724800000001,5589930.525821596,7
w79,2,1,25,0.1301504,5588606.5,1
w64,2,6,139,0.7640064000000001,5571071.117241379,57
w14,2,92,894,9.814220800000001,5569960.3346855985,14
w20,2,28,868,3.9022592000000005,5565996.911830357,4
w29,2,5,65,0.5585920000000001,5563768.185714286,2
w80,2,2,21,0.21575680000000003,5561772.521739131,4
w52,2,2,26,0.22343680000000002,5557603.821428572,1
w69,2,1,55,0.1762304,5553946.803571428,1
w13,2,2,427,0.8393728,5547725.303030303,20
w20,2,28,872,3.9084032000000004,5541317.565555556,4
w64,2,6,140,0.7655424000000001,5532949.684931506,1
w03,2,138,2146,15.957811200000002,5529724.598073555,59
w23,2,19,203,2.0550656000000003,5528528.518018018,146
w01,2,29,340,3.1830016000000003,5528183.4959349595,8
w78,2,1,46,0.1624064,5515927.765957447,3
w87,2,3,30,0.32133120000000004,5513367.757575758,4
w04,2,225,2191,24.009216000000002,5511041.521523179,117
w30,2,1,100,0.24535040000000002,5508419.633663367,3
w22,2,2,66,0.28487680000000004,5504522.073529412,22
w29,2,5,66,0.5601280000000001,5486602.873239436,1
w03,2,138,2166,15.988531200000002,5481840.767361111,20
w09,2,138,1325,14.696755200000002,5475951.660970609,41
w09,2,138,1326,14.698291200000002,5472216.092896175,1
w03,2,138,2171,15.996211200000003,5469998.795582503,5
w03,2,138,2173,15.999283200000002,5465276.332756382,2
w69,2,1,56,0.17776640000000002,5459523.631578947,1
w17,2,1,203,0.40355840000000004,5457640.196078432,49
w09,2,138,1330,14.704435200000002,5457323.786103542,4
w30,2,1,101,0.2468864,5455880.87254902,1
w91,2,2,23,0.21882880000000002,5449743.56,1
w70,2,1,54,0.17469440000000003,5448605.018181819,5
w13,2,2,435,0.8516608,5446999.2105263155,8
w75,2,5,54,0.5416960000000001,5440511.101694915,2
w23,2,19,207,2.0612096,5433908.707964602,4
w42,2,3,80,0.3981312,5431470.433734939,25
w38,2,5,60,0.5509120000000001,5424724.507692307,7
w88,2,2,22,0.2172928,5419446.541666667,1
w20,2,28,893,3.9406592000000003,5415258.928338762,21
w29,2,5,67,0.561664,5411510.666666667,1
w01,2,29,348,3.1952896,5411059.058355438,8
w23,2,19,208,2.0627456000000004,5410708.202643172,1
w20,2,28,894,3.9421952000000005,5409398.738611714,1
w03,2,138,2200,16.040755200000003,5402312.381950385,27
w78,2,1,47,0.16394240000000002,5401929.375,1
w79,2,1,26,0.1316864,5389329.111111111,1
w03,2,138,2212,16.059187200000004,5374792.729787234,12
w14,2,92,930,9.869516800000001,5374293.662426614,36
w52,2,2,27,0.22497280000000003,5370396.724137931,1
w69,2,1,57,0.17930240000000003,5368139.310344827,1
w18,2,1,123,0.2806784,5366194.104838709,37
w87,2,3,31,0.3228672,5352385.176470588,1
w75,2,5,55,0.543232,5351377.55,1
w38,2,5,61,0.552448,5343253.090909091,1
w83,2,1,19,0.12093440000000001,5335117.4,16
w20,2,28,907,3.9621632,5334349.43315508,13
w20,2,28,908,3.9636992,5328662.724358974,1
w66,2,3,62,0.3704832,5322723.8,62
w47,2,2,54,0.26644480000000004,5316568.178571428,5
w09,2,138,1370,14.765875200000002,5312743.178381963,40
w77,2,3,30,0.32133120000000004,5293577.606060606,14
w72,2,2,24,0.22036480000000003,5292256.115384615,3
w01,2,29,357,3.2091136000000002,5285087.401554404,9
w17,2,1,210,0.4143104,5278910.3507109005,7
w07,2,0,7,0.010752000000000001,5276532.714285715,1
w09,2,138,1381,14.782771200000003,5274317.011191573,11
w38,2,5,62,0.553984,5264163.925373134,1
w04,2,225,2310,24.192,5252745.599605523,119
w66,2,3,63,0.37201920000000005,5246353.484848484,1
w06,2,30,310,3.2286720000000004,5240689.038235294,27
w20,2,28,926,3.9913472000000003,5228332.355345912,18
w47,2,2,55,0.2679808,5223361.280701755,1
w30,2,1,106,0.2545664,5207752.906542056,5
w88,2,2,23,0.21882880000000002,5204482.64,1
w87,2,3,32,0.3244032,5200461.342857143,1
w14,2,92,965,9.9232768,5196807.510879849,35
w09,2,138,1405,14.819635200000002,5192379.508101102,24
w20,2,28,934,4.003635200000001,5184943.021829522,8
w17,2,1,214,0.4204544,5181809.63255814,4
w70,2,1,57,0.17930240000000003,5177526.137931035,3
w66,2,3,64,0.37355520000000003,5169118.164179104,1
w09,2,138,1413,14.831923200000002,5165630.304964539,8
w04,2,225,2359,24.267264,5153302.030959752,49
w03,2,138,2315,16.217395200000002,5149652.661638809,103
w23,2,19,220,2.0811776,5147087.920502092,12
w59,2,3,43,0.3412992,5143685.5869565215,15
w14,2,92,980,9.946316800000002,5124267.285447761,15
w18,2,1,129,0.2898944,5122004.923076923,6
w04,2,225,2376,24.293376000000002,5119676.565167244,17
w28,2,13,164,1.4446592000000003,5119121.141242938,40
w20,2,28,947,4.0236032,5115950.665641026,13
w04,2,225,2380,24.29952,5111828.211132438,4
w20,2,28,948,4.0251392,5110718.956967213,1
w11,2,57,645,6.220492800000001,5100949.84045584,63
w11,2,57,646,6.222028800000001,5093888.819345661,1
w66,2,3,65,0.3750912,5093548.05882353,1
w28,2,13,165,1.4461952,5090939.634831461,1
w11,2,57,647,6.223564800000001,5086845.857954546,1
w83,2,1,20,0.12247040000000001,5085341.761904762,1
w11,2,57,648,6.225100800000001,5079813.771631205,1
w24,2,12,131,1.3022208000000002,5077167.699300699,20
w11,2,57,649,6.226636800000001,5072794.148725213,1
w30,2,1,109,0.2591744,5069531.3,3
w23,2,19,224,2.0873216,5064911.226337449,4
w04,2,225,2407,24.340992,5059473.5911854105,27
w87,2,3,33,0.32593920000000004,5056675.0,1
w20,2,28,960,4.043571200000001,5048763.611336032,12
w23,2,19,225,2.0888576000000003,5044757.389344262,1
w61,2,2,92,0.3248128,5042661.829787234,11
w36,2,1,59,0.1823744,5035008.5,38
w52,2,2,29,0.22804480000000002,5031875.548387097,2
w30,2,1,110,0.2607104,5025086.099099099,1
w17,2,1,221,0.43120640000000005,5020288.936936937,7
w66,2,3,66,0.37662720000000005,5020039.202898551,1
w03,2,138,2379,16.3156992,5019034.435041716,64
w03,2,138,2380,16.317235200000002,5017046.12827641,1
w09,2,138,1462,14.907187200000003,5007626.855,49
w23,2,19,227,2.0919296000000003,5004682.861788617,2
w09,2,138,1463,14.908723200000003,5004502.987507808,1
w03,2,138,2392,16.335667200000003,4993308.55256917,12
w09,2,138,1469,14.917939200000003,4985840.2109520845,6
w23,2,19,228,2.0934656,4984873.51417004,1
w20,2,28,973,4.0635392,4983317.367632368,13
w09,2,138,1471,14.921011200000002,4979650.099440646,2
w17,2,1,223,0.4342784,4975965.754464285,2
w09,2,138,1474,14.925619200000002,4970393.49751861,3
w66,2,3,67,0.37816320000000003,4948568.371428572,1
w03,2,138,2419,16.377139200000002,4940711.228001565,27
w04,2,225,2472,24.440832,4937729.535780497,65
w59,2,3,45,0.34437120000000004,4937067.9375,2
w17,2,1,225,0.43735040000000003,4932391.323008849,2
w70,2,1,60,0.18391040000000003,4931302.983606557,3
w28,2,13,171,1.4554112000000001,4928223.641304348,6
w04,2,225,2483,24.457728,4917704.691654357,11
w04,2,225,2484,24.459264,4915892.303063861,1
w27,2,6,69,0.6564864,4905723.546666667,13
w78,2,1,52,0.1716224,4895239.2830188675,5
w11,2,57,677,6.269644800000001,4884001.301089918,28
w03,2,138,2453,16.4293632,4876034.539174064,34
w23,2,19,234,2.1026816000000004,4869253.537549407,6
w17,2,1,228,0.44195840000000003,4868337.056768559,3
w70,2,1,61,0.1854464,4853812.403225807,1
w23,2,19,235,2.1042176,4850426.559055118,1
w17,2,1,229,0.4434944,4847337.426086957,1
w55,2,1,20,0.12247040000000001,4844801.904761905,5
w20,2,28,1002,4.1080832,4843271.965048544,29
w59,2,3,46,0.3459072,4839796.87755102,1
w09,2,138,1524,15.002419200000002,4821035.528880866,50
w95,2,1,23,0.1270784,4820505.916666667,20
w23,2,19,237,2.1072896,4813192.46875,2
w30,2,1,115,0.26839040000000003,4813070.818965517,5
w66,2,3,69,0.38123520000000005,4811439.0,2
w24,2,12,139,1.3145088,4809850.337748344,8
w14,2,92,1051,10.0553728,4806734.717410324,71
w14,2,92,1052,10.0569088,4802543.766608392,1
w20,2,28,1011,4.121907200000001,4801395.764196343,9
w75,2,5,62,0.553984,4801247.76119403,7
w14,2,92,1053,10.0584448,4798359.467248908,1
w87,2,3,35,0.32901120000000006,4791748.7105263155,2
w13,2,2,496,0.9453568,4784918.098393574,61
w24,2,12,140,1.3160448000000002,4778373.092105263,1
w14,2,92,1058,10.0661248,4777547.094782609,5
w14,2,92,1059,10.0676608,4773405.922675934,1
w29,2,5,77,0.5770240000000001,4760917.634146341,10
w24,2,12,141,1.3175808000000002,4747269.699346405,1
w59,2,3,47,0.34744320000000006,4746245.0,1
w04,2,225,2583,24.611328,4742853.59437322,99
w13,2,2,502,0.9545728,4728410.402777778,6
w74,2,1,22,0.1255424,4723297.260869565,5
w13,2,2,503,0.9561088000000001,4719116.823762376,1
w11,2,57,704,6.311116800000001,4715039.754270696,27
w13,2,2,504,0.9576448000000001,4709859.252964427,1
w70,2,1,63,0.18851840000000003,4705898.296875,2
w29,2,5,78,0.5785600000000001,4704472.192771085,1
w35,2,1,102,0.24842240000000002,4702706.631067961,29
w20,2,28,1035,4.1587712,4693179.80056444,24
w63,2,4,68,0.4714496,4686560.430555556,12
w07,2,0,8,0.012288,4686084.25,1
w09,2,138,1572,15.076147200000001,4685860.585964913,48
w66,2,3,71,0.3843072,4681619.054054054,2
w14,2,92,1083,10.1045248,4676128.113191489,24
w20,2,28,1039,4.1649152,4675616.466729147,4
w87,2,3,36,0.33054720000000004,4669300.461538462,1
w69,2,1,66,0.19312640000000003,4667558.552238806,9
w20,2,28,1041,4.167987200000001,4666883.373246024,2
w35,2,1,103,0.24995840000000003,4658479.711538462,1
w59,2,3,48,0.34897920000000004,4656314.274509804,1
w11,2,57,714,6.326476800000001,4655458.97924773,10
w61,2,2,100,0.33710080000000003,4652765.647058823,8
w29,2,5,79,0.5800960000000001,4649237.297619048,1
w83,2,1,22,0.1255424,4647007.260869565,2
w70,2,1,64,0.1900544,4635299.876923077,1
w95,2,1,24,0.12861440000000002,4631519.08,1
w18,2,1,143,0.3113984,4631118.0,14
w63,2,4,69,0.47298560000000006,4623643.301369863,1
w35,2,1,104,0.2514944,4615055.971428571,1
w61,2,2,101,0.3386368,4608259.650485436,1
w23,2,19,249,2.1257216000000003,4601374.171641791,12
w11,2,57,725,6.343372800000001,4591625.4143222505,11
w04,2,225,2676,24.754176,4591058.847638745,93
w04,2,225,2677,24.755712000000003,4589479.475189525,1
w30,2,1,121,0.27760640000000003,4581393.631147541,6
w09,2,138,1612,15.137587200000002,4578874.253142857,40
w04,2,225,2688,24.772608,4572177.606591143,11
w79,2,1,31,0.1393664,4569232.71875,5
w70,2,1,65,0.1915904,4566339.03030303,1
w63,2,4,70,0.47452160000000004,4562389.743243244,1
w40,2,2,62,0.2787328,4560712.1875,41
w66,2,3,73,0.38737920000000003,4558562.907894737,2
w04,2,225,2698,24.787968,4556561.571330825,10
w87,2,3,37,0.3320832,4552918.125,1
w04,2,225,2701,24.792576,4551897.513328777,3
w23,2,19,252,2.1303296,4551329.970479704,3
w04,2,225,2702,24.794112000000002,4550344.8988725655,1
w09,2,138,1623,15.154483200000001,4550304.680295287,11
w35,2,1,106,0.2545664,4530456.925233644,2
w104,2,1,35,0.1455104,4530255.777777778,11
w20,2,28,1076,4.2217472,4519169.69384058,35
w23,2,19,254,2.1334016,4518540.549450549,2
w11,2,57,738,6.363340800000001,4518421.982389937,13
w11,2,57,739,6.364876800000001,4512888.424623116,1
w18,2,1,147,0.3175424,4507915.472972973,4
w01,2,29,424,3.3120256,4504606.348785872,67
w20,2,28,1080,4.2278912,4502881.962093863,4
w23,2,19,255,2.1349376,4502320.510948905,1
w11,2,57,741,6.367948800000001,4501847.305764411,2
w16,2,1,139,0.30525440000000004,4500499.671428571,31
w01,2,29,425,3.3135616000000003,4494701.1013215855,1
w40,2,2,63,0.28026880000000004,4490803.36923077,1
w77,2,3,36,0.33054720000000004,4486347.435897436,6
w59,2,3,50,0.3520512,4486219.962264151,2
w11,2,57,744,6.372556800000001,4485346.91011236,3
w30,2,1,124,0.2822144,4473798.024,3
w23,2,19,257,2.1380096,4470207.626811594,2
w09,2,138,1659,15.209779200000003,4459249.5041736225,36
w14,2,92,1144,10.198220800000001,4445871.176375405,61
w09,2,138,1666,15.220531200000002,4441966.106430155,7
w66,2,3,75,0.3904512,4441772.230769231,2
w24,2,12,152,1.3344768,4430136.390243903,11
w20,2,28,1099,4.2570752,4427080.992014197,19
w20,2,28,1100,4.258611200000001,4423161.82535461,1
w91,2,2,29,0.22804480000000002,4416934.451612903,6
w23,2,19,261,2.1441536,4407282.971428571,4
w03,2,138,2730,16.854835200000004,4406230.770223152,277
w84,2,1,63,0.18851840000000003,4402902.765625,19
w13,2,2,540,1.0129408,4399331.365313653,36
w61,2,2,106,0.34631680000000004,4397996.777777778,5
w01,2,29,435,3.3289216,4397996.424568965,10
w42,2,3,100,0.42885120000000004,4397372.223300971,20
w14,2,92,1158,10.219724800000002,4396195.5432,14
w14,2,92,1159,10.221260800000001,4392689.804156675,1
w23,2,19,262,2.1456896000000003,4391795.256227758,1
w09,2,138,1687,15.252787200000002,4390911.094246576,21
w01,2,29,436,3.3304576000000004,4388554.492473118,1
w63,2,4,73,0.47912960000000004,4388033.2727272725,3
w66,2,3,76,0.39198720000000004,4385584.835443038,1
w34,2,1,374,0.6662144,4383941.536,275
w11,2,57,763,6.401740800000001,4383588.2390243905,19
w11,2,57,765,6.404812800000001,4373142.680048662,2
w14,2,92,1166,10.232012800000001,4368301.647058823,7
w32,2,7,88,0.7774208,4367201.568421053,26
w09,2,138,1697,15.268147200000001,4367009.738964577,10
w38,2,5,76,0.575488,4361288.555555556,14
w23,2,19,264,2.1487616000000003,4361126.568904594,2
w68,2,2,64,0.2818048,4358788.151515151,17
w75,2,5,69,0.564736,4355193.405405405,7
w23,2,19,265,2.1502976,4345953.609154929,1
w29,2,5,85,0.5893120000000001,4343489.844444444,6
w96,2,2,26,0.22343680000000002,4337693.392857143,9
w04,2,225,2848,25.018368000000002,4334505.738041002,146
w63,2,4,74,0.4806656,4332796.320512821,1
w23,2,19,266,2.1518336000000002,4330879.178947369,1
w59,2,3,52,0.3551232,4328340.4,2
w70,2,1,69,0.19773440000000003,4310172.228571429,4
w79,2,1,33,0.14243840000000002,4305331.176470588,2
w22,2,2,85,0.31406080000000003,4304142.011494253,19
w03,2,138,2799,16.960819200000003,4302977.965951651,69
w68,2,2,65,0.2833408,4296901.492537313,1
w29,2,5,86,0.590848,4296413.10989011,1
w23,2,19,269,2.1564416,4286248.597222222,3
w91,2,2,30,0.22958080000000003,4282282.09375,1
w63,2,4,75,0.4822016,4278949.670886076,1
w04,2,225,2895,25.09056,4269321.123397436,47
w13,2,2,558,1.0405888,4259033.005357143,18
w78,2,1,60,0.18391040000000003,4257092.31147541,8
w22,2,2,86,0.3155968,4255297.6022727275,1
w09,2,138,1746,15.343411200000002,4253559.634819533,49
w75,2,5,71,0.5678080000000001,4242555.355263158,2
w69,2,1,73,0.20387840000000002,4239891.891891892,7
w34,2,1,387,0.6861824,4239694.81443299,13
w87,2,3,40,0.3366912,4236165.4186046515,3
w68,2,2,66,0.28487680000000004,4235929.44117647,1
w67,2,1,34,0.1439744,4227142.085714285,9
w14,2,92,1210,10.299596800000002,4220984.17281106,44
w60,2,1,59,0.1823744,4220203.3,21
w07,2,0,9,0.013824,4219185.555555556,1
w01,2,29,455,3.3596416000000002,4216559.136363637,19
w45,2,2,75,0.2987008,4211369.194805195,20
w22,2,2,87,0.3171328,4207539.382022472,1
w03,2,138,2866,17.063731200000003,4207245.708721705,67
w88,2,2,29,0.22804480000000002,4205866.645161291,6
w14,2,92,1215,10.3072768,4204870.695485845,5
w23,2,19,275,2.1656576000000003,4199695.214285715,6
w03,2,138,2882,17.088307200000003,4185012.365562914,16
w59,2,3,54,0.35819520000000005,4181463.947368421,2
w68,2,2,67,0.2864128,4176554.579710145,1
w66,2,3,80,0.3981312,4174353.506024096,4
w14,2,92,1226,10.324172800000001,4169848.919575114,11
w14,2,92,1227,10.325708800000001,4166694.0826383624,1
w09,2,138,1786,15.404851200000003,4165231.2323284824,40
w29,2,5,89,0.595456,4160921.14893617,3
w03,2,138,2902,17.1190272,4157548.662171053,20
w27,2,6,83,0.6779904000000001,4149847.629213483,14
w30,2,1,134,0.2975744,4147935.9925925927,10
w34,2,1,396,0.7000064,4144965.911838791,9
w04,2,225,2990,25.23648,4143383.3206842924,95
w75,2,5,73,0.57088,4135400.1025641025,2
w04,2,225,3003,25.256448,4126725.736369269,13
w04,2,225,3004,25.257984,4125449.9222669555,1
w66,2,3,81,0.3996672,4124679.8214285714,1
w68,2,2,68,0.2879488,4118481.242857143,1
w29,2,5,90,0.5969920000000001,4117625.1789473686,1
w59,2,3,55,0.35973120000000003,4111788.5862068967,1
w34,2,1,400,0.7061504000000001,4104081.074812968,4
w14,2,92,1248,10.357964800000001,4101528.667910448,21
w04,2,225,3029,25.296384,4093809.150891211,25
w04,2,225,3034,25.304064,4087539.1417612764,5
w20,2,28,1193,4.401459200000001,4086734.348075348,93
w04,2,225,3036,25.307136,4085036.505979761,2
w01,2,29,471,3.3842176000000004,4081847.18,16
w69,2,1,76,0.20848640000000002,4079924.896103896,3
w11,2,57,826,6.4985088000000015,4076877.457531144,61
w88,2,2,30,0.22958080000000003,4075704.6875,1
w29,2,5,91,0.5985280000000001,4075216.6666666665,1
w79,2,1,35,0.1455104,4069582.9444444445,2
w33,2,1,75,0.2069504,4057953.289473684,53
w04,2,225,3058,25.340928,4057707.1291501676,22
w96,2,2,28,0.2265088,4055648.3,2
w04,2,225,3060,25.344,4055240.721461187,2
w11,2,57,831,6.506188800000001,4054395.003378378,5
w34,2,1,405,0.7138304,4053906.748768473,5
w11,2,57,832,6.507724800000001,4049927.5354330707,1
w16,2,1,155,0.3298304,4044080.608974359,16
w20,2,28,1206,4.4214272,4043745.6004862236,13
w20,2,28,1210,4.4275712,4030699.658319871,4
w69,2,1,77,0.2100224,4029152.1153846155,1
w84,2,1,69,0.19773440000000003,4028445.9285714286,6
w34,2,1,408,0.7184384,4024381.4621026893,3
w60,2,1,62,0.1869824,4021004.253968254,3
w09,2,138,1856,15.512371200000002,4019172.8580742227,70
w13,2,2,593,1.0943488000000001,4010519.312605042,35
w34,2,1,410,0.7215104,4004929.97080292,2
w39,2,2,74,0.2971648,4003607.210526316,25
w11,2,57,843,6.524620800000001,4001183.218888889,11
w13,2,2,595,1.0974208,3997187.112227806,2
w03,2,138,3025,17.307955200000002,3996271.542522921,123
w08,2,54,273,5.373849600000001,22310247.366972476,1
w03,2,138,3027,17.3110272,3993752.71342812,2
w29,2,5,93,0.6016,3992905.0204081633,2
w76,2,1,19,0.12093440000000001,3992677.95,13
w13,2,2,596,1.0989568,3990544.1153846155,1
w13,2,2,597,1.1004928,3983921.060100167,1
w09,2,138,1874,15.540019200000003,3983256.412027833,18
w66,2,3,84,0.40427520000000006,3982467.011494253,3
w13,2,2,598,1.1020288,3977317.118333333,1
w27,2,6,87,0.6841344,3975493.569892473,4
w30,2,1,140,0.3067904,3974320.14893617,6
w17,2,1,280,0.5218304,3973714.6334519573,51
w03,2,138,3044,17.337139200000003,3972469.300125707,17
w08,2,54,286,5.3938176,21458010.40882353,13
w84,2,1,70,0.19927040000000001,3972156.7746478873,1
w11,2,57,850,6.535372800000001,3970752.2800441016,7
w03,2,138,3052,17.3494272,3962531.9398119124,8
w03,2,138,3054,17.352499200000004,3960055.3637218047,2
w17,2,1,281,0.5233664,3959742.425531915,1
w18,2,1,168,0.3497984,3954078.396449704,21
w11,2,57,854,6.541516800000001,3953554.27442371,4
w29,2,5,94,0.6031360000000001,3952975.8181818184,1
w20,2,28,1236,4.4675072,3947907.898734177,26
w17,2,1,282,0.5249024,3945865.148409894,1
w66,2,3,85,0.40581120000000004,3937212.159090909,1
w23,2,19,295,2.1963776000000004,3934852.5987261147,20
w13,2,2,605,1.1127808,3931690.087314662,7
w09,2,138,1901,15.581491200000002,3930570.515939186,27
w08,2,54,299,5.413785600000001,20668529.943342775,13
w08,2,54,301,5.4168576,20552196.726760563,2
w38,2,5,85,0.5893120000000001,3928525.3777777776,9
w03,2,138,3084,17.3985792,3923274.9391682185,30
w55,2,1,25,0.1301504,3921642.423076923,5
w35,2,1,123,0.2806784,3921017.7741935486,17
w84,2,1,71,0.2008064,3917423.763888889,1
w29,2,5,95,0.6046720000000001,3913830.34,1
w13,2,2,608,1.1173888,3912445.78852459,3
w11,2,57,864,6.556876800000001,3911196.64495114,10
w18,2,1,170,0.35287040000000003,3908259.9883040935,2
w13,2,2,609,1.1189248,3906068.342062193,1
w11,2,57,866,6.559948800000001,3902831.495124594,2
w23,2,19,298,2.2009856,3897908.7507886435,3
w13,2,2,611,1.1219968,3893374.4437194127,2
w35,2,1,124,0.2822144,3890213.288,1
w38,2,5,86,0.590848,3885709.3846153845,1
w104,2,1,41,0.15472640000000001,3884443.785714286,6
w16,2,1,162,0.3405824,3872392.1595092025,7
w04,2,225,3221,25.591296,3866082.31369704,161
w07,2,0,10,0.01536,3843876.5,1
w13,2,2,619,1.1342848,3843413.9452495975,8
w69,2,1,81,0.2161664,3838182.1097560977,4
w70,2,1,78,0.2115584,3828380.430379747,9
w13,2,2,622,1.1388928,3825004.110576923,3
w84,2,1,73,0.20387840000000002,3812379.0675675673,2
w06,2,30,438,3.4252800000000003,3807700.2393162395,128
w76,2,1,20,0.12247040000000001,3805231.761904762,1
w38,2,5,88,0.59392,3802797.935483871,2
w23,2,19,307,2.2148096,3791053.9018404908,9
w30,2,1,147,0.3175424,3789435.628378378,7
w01,2,29,510,3.4441216000000003,3786979.860853432,39
w60,2,1,66,0.19312640000000003,3783021.1343283583,4
w32,2,7,103,0.8004608000000001,3776192.918181818,15
w38,2,5,89,0.595456,3762635.4680851065,1
w39,2,2,79,0.3048448,3757121.061728395,5
w23,2,19,310,2.2194176000000003,3756708.313069909,3
w11,2,57,904,6.6183168000000006,3750461.077003122,38
w69,2,1,83,0.2192384,3749121.023809524,2
w04,2,225,3331,25.760256000000002,3746686.436726659,110
w11,2,57,905,6.619852800000001,3746601.656964657,1
w04,2,225,3340,25.77408,3737242.990462833,9
w06,2,30,447,3.4391040000000004,3735875.6666666665,9
w01,2,29,518,3.4564096,3731668.8720292505,8
w11,2,57,909,6.625996800000001,3731243.7308488614,4
w09,2,138,2012,15.751987200000002,3727869.5967441862,111
w11,2,57,910,6.627532800000001,3727414.586349535,1
w64,2,6,211,0.8745984,3724328.1474654377,71
w20,2,28,1312,4.5842432,3724319.3731343285,76
w35,2,1,130,0.2914304,3713909.236641221,6
w39,2,2,80,0.3063808,3711410.1219512196,1
w27,2,6,94,0.6948864000000001,3703816.83,7
w13,2,2,644,1.1726848,3695220.4458204336,22
w59,2,3,62,0.3704832,3682298.123076923,7
w13,2,2,649,1.1803648,3666945.2549923197,5
w39,2,2,81,0.3079168,3666768.698795181,1
w09,2,138,2050,15.810355200000002,3663200.3907678244,38
w29,2,5,102,0.6154240000000001,3660188.8224299066,7
w24,2,12,187,1.3882368,3654153.6984924623,35
w94,2,5,205,0.7736320000000001,3653308.5761904763,205
w72,2,2,36,0.23879680000000003,3645734.552631579,12
w87,2,3,47,0.34744320000000006,3644856.52,7
w55,2,1,27,0.13322240000000002,3644195.964285714,2
w56,2,3,58,0.36433920000000003,3636214.1639344264,50
w61,2,2,129,0.3816448,3635857.816793893,23
w27,2,6,96,0.6979584000000001,3632768.68627451,2
w95,2,1,31,0.1393664,3632569.8125,7
w75,2,5,84,0.5877760000000001,3631705.4606741574,11
w29,2,5,103,0.6169600000000001,3626599.3518518517,1
w60,2,1,69,0.19773440000000003,3622340.5285714287,3
w91,2,2,36,0.23879680000000003,3620779.6842105263,6
w11,2,57,944,6.679756800000001,3601603.752247752,34
w27,2,6,97,0.6994944000000001,3598204.650485437,1
w11,2,57,946,6.682828800000001,3594468.3469591225,2
w11,2,57,947,6.684364800000001,3590910.880478088,1
w11,2,57,948,6.685900800000001,3587355.375124378,1
w32,2,7,109,0.8096768000000001,3582392.3103448274,6
w59,2,3,64,0.37355520000000003,3575825.6716417912,2
w12,2,0,12,0.018432,3572656.6666666665,10
w11,2,57,954,6.695116800000001,3566167.730959446,6
w27,2,6,98,0.7010304,3564298.653846154,1
w01,2,29,545,3.4978816000000004,3556371.18641115,27
w61,2,2,132,0.38625280000000006,3555688.970149254,3
w11,2,57,957,6.699724800000001,3555663.9783037477,3
w09,2,138,2117,15.913267200000002,3554484.8549889135,67
w72,2,2,37,0.2403328,3554166.512820513,1
w32,2,7,110,0.8112128000000001,3551980.1025641025,1
w01,2,29,546,3.4994176,3550193.9095652173,1
w11,2,57,959,6.7027968000000016,3548690.779527559,2
w104,2,1,45,0.16087040000000002,3547467.5,4
w69,2,1,88,0.22691840000000002,3543914.9775280897,5
w03,2,138,3434,17.9361792,3539814.760638298,350
w01,2,29,548,3.5024896000000005,3537902.034662045,2
w07,2,0,11,0.016896,3533890.8181818184,1
w91,2,2,37,0.2403328,3529998.6153846155,1
w53,2,19,351,2.2823936000000002,3529991.1513513513,253
w56,2,3,60,0.36741120000000005,3524202.1904761903,2
w60,2,1,71,0.2008064,3522568.2083333335,2
w75,2,5,87,0.592384,3515060.695652174,3
w78,2,1,73,0.20387840000000002,3514251.364864865,13
w37,2,3,56,0.3612672,3508730.7118644067,45
w27,2,6,100,0.7041024,3498404.9811320757,2
w14,2,92,1480,10.7143168,3497377.367048346,232
w96,2,2,33,0.23418880000000003,3489984.0285714287,5
w30,2,1,160,0.3375104,3488451.1739130435,13
w29,2,5,108,0.6246400000000001,3467440.884955752,5
w72,2,2,38,0.24186880000000002,3466526.975,1
w10,2,81,2491,11.257958400000001,3465558.860808709,1610
w14,2,92,1498,10.741964800000002,3457869.0320754717,18
w09,2,138,2181,16.011571200000002,3456499.691677447,64
w14,2,92,1501,10.746572800000001,3451370.995605775,3
w10,2,81,2503,11.2763904,3449540.3281733748,12
w70,2,1,87,0.2253824,3445092.7386363638,9
w87,2,3,50,0.3520512,3439102.2641509436,3
w29,2,5,109,0.6261760000000001,3437272.8596491227,1
w27,2,6,102,0.7071744000000001,3434948.935185185,2
w69,2,1,91,0.23152640000000002,3431111.8260869565,3
w09,2,138,2200,16.040755200000003,3428442.6591103505,19
w78,2,1,75,0.2069504,3422352.539473684,2
w95,2,1,33,0.14243840000000002,3421967.0,2
w11,2,57,998,6.762700800000001,3417989.1071090046,39
w79,2,1,42,0.15626240000000002,3415629.7441860465,7
w20,2,28,1435,4.7731712,3411665.4757347917,123
w11,2,57,1000,6.765772800000001,3411546.063386944,2
w04,2,225,3683,26.300928,3409754.259211873,343
w09,2,138,2214,16.062259200000003,3408058.5688775512,14
w70,2,1,88,0.22691840000000002,3407131.2696629213,1
w75,2,5,90,0.5969920000000001,3405781.7157894736,3
w55,2,1,29,0.1362944,3403240.533333333,2
w20,2,28,1441,4.7823872000000005,3397752.4860449284,6
w01,2,29,572,3.5393536,3396764.0116472547,24
w04,2,225,3699,26.325504000000002,3395874.631498471,16
w96,2,2,34,0.2357248,3395680.027777778,1
w11,2,57,1005,6.773452800000001,3395537.9312617704,5
w20,2,28,1442,4.7839232,3395444.657142857,1
w04,2,225,3713,26.347008000000002,3383822.191721686,14
w29,2,5,111,0.629248,3378461.8879310344,2
w75,2,5,91,0.5985280000000001,3370840.625,1
w70,2,1,89,0.2284544,3369931.566666667,1
w63,2,4,97,0.5159936,3363081.900990099,22
w09,2,138,2247,16.1129472,3360957.206708595,33
w40,2,2,85,0.31406080000000003,3358620.0344827585,22
w103,2,0,1,0.001536,3355458.0,1.0
w100,2,0,1,0.001536,3353742.0,1.0
w29,2,5,112,0.630784,3349802.05982906,1
w30,2,1,167,0.3482624,3345532.9226190476,7
w11,2,57,1026,6.8057088000000014,3329899.3619575254,21
w57,2,3,66,0.37662720000000005,3325785.5217391304,59
w29,2,5,113,0.63232,3321611.7627118644,1
w11,2,57,1029,6.810316800000001,3320724.709023941,3
w12,2,0,13,0.019968,3319760.3076923075,1
w11,2,57,1032,6.814924800000001,3311598.0817263545,3
w31,2,139,2826,17.0940416,3303248.0411467114,2826
w75,2,5,93,0.6016,3303097.051020408,2
w31,2,139,2827,17.095577600000002,3302135.905933918,1
w70,2,1,91,0.23152640000000002,3297863.945652174,2
w101,2,0,1,0.001536,3289382.0,1.0
w40,2,2,87,0.3171328,3283379.179775281,2
w11,2,57,1042,6.830284800000001,3281532.719745223,10
w04,2,225,3840,26.542080000000002,3278281.0784747847,127
w104,2,1,49,0.1670144,3264346.58,4
w23,2,19,360,2.2962176000000003,3264180.3746701847,50
w04,2,225,3864,26.578944,3259072.3184152604,24
w14,2,92,1598,10.8955648,3253675.0911242603,97
w21,2,42,1,3.8550528000000006,110214888.13953489,1
w14,2,92,1599,10.8971008,3251754.9828503844,1
w40,2,2,88,0.31866880000000003,3246990.4,1
w84,2,1,86,0.2238464,3246113.3103448274,13
w42,2,3,138,0.4872192000000001,3236368.8368794327,38
w14,2,92,1608,10.9109248,3234575.305882353,9
w21,2,42,6,3.8627328000000003,98736694.47916667,5
w61,2,2,146,0.40775680000000003,3224408.7297297297,14
w04,2,225,3919,26.663424,3215890.899372587,55
w11,2,57,1066,6.867148800000001,3211547.5422974178,24
w11,2,57,1067,6.868684800000001,3208694.3772241995,1
w47,2,2,91,0.32327680000000003,3202417.709677419,36
w70,2,1,94,0.23613440000000002,3195214.452631579,3
w11,2,57,1072,6.876364800000001,3194503.8538529673,5
w17,2,1,350,0.6293504,3187392.358974359,68
w11,2,57,1077,6.884044800000001,3180435.746031746,5
w45,2,2,100,0.33710080000000003,3180169.7647058824,25
w21,2,42,11,3.8704128000000004,89424128.43396227,5
w17,2,1,351,0.6308864000000001,3178422.684659091,1
w11,2,57,1078,6.885580800000001,3177636.5726872245,1
w47,2,2,92,0.3248128,3168354.861702128,1
w59,2,3,73,0.38737920000000003,3165205.539473684,9
w70,2,1,95,0.2376704,3162389.2604166665,1
w45,2,2,101,0.3386368,3149317.6019417476,1
w11,2,57,1093,6.908620800000001,3136221.664347826,15
w47,2,2,93,0.3263488,3135006.8421052634,1
w42,2,3,143,0.49489920000000004,3128541.520547945,5
w14,2,92,1667,11.001548800000002,3126300.986355884,59
w59,2,3,74,0.3889152,3125374.1428571427,1
w61,2,2,151,0.41543680000000005,3120743.581699346,5
w57,2,3,71,0.3843072,3109429.391891892,5
w11,2,57,1103,6.923980800000001,3109204.1172413793,10
w47,2,2,94,0.32788480000000003,3102353.5208333335,1
w11,2,57,1106,6.928588800000001,3101186.49011178,3
w86,2,2,53,0.26490880000000006,3093710.981818182,36
w11,2,57,1110,6.934732800000001,3090558.8209083118,4
w11,2,57,1111,6.936268800000001,3087913.1078767125,1
w59,2,3,75,0.3904512,3086556.282051282,1
w11,2,57,1112,6.937804800000001,3085271.8229255774,1
w35,2,1,157,0.33290240000000004,3083763.5316455695,27
w11,2,57,1113,6.939340800000001,3082634.9478632477,1
w11,2,57,1114,6.940876800000001,3080002.5038428693,1
w11,2,57,1115,6.942412800000001,3077374.5409556315,1
w16,2,1,205,0.4066304,3071467.5776699027,43
w57,2,3,72,0.38584320000000005,3069590.6266666665,1
w41,2,3,89,0.4119552,3069067.6195652173,58
w31,2,139,3054,17.4442496,3067590.559348575,227
w35,2,1,158,0.3344384,3064486.5283018867,1
w96,2,2,38,0.24186880000000002,3062677.325,4
w78,2,1,84,0.2207744,3062285.0823529414,9
w16,2,1,206,0.40816640000000004,3056753.222222222,1
w14,2,92,1710,11.0675968,3051851.9711431745,43
w04,2,225,4158,27.030528,3040826.161076888,239
w07,2,0,13,0.019968,3040202.076923077,2
w04,2,225,4161,27.035136,3038749.9033287736,3
w70,2,1,99,0.24381440000000001,3037637.91,4
w14,2,92,1722,11.086028800000001,3031705.348952591,12
w28,2,13,292,1.6412672000000001,3007335.4360655737,121
w14,2,92,1740,11.1136768,3001979.573689956,18
w16,2,1,210,0.4143104,2999233.289099526,4
w14,2,92,1747,11.1244288,2990576.1212615552,7
w96,2,2,39,0.24340480000000003,2989277.048780488,1
w70,2,1,101,0.2468864,2978779.0196078434,2
w102,2,0,1,0.001536,2977319.0,1.0
w04,2,225,4253,27.176448,2976423.641134435,92
w75,2,5,104,0.618496,2973779.779816514,11
w63,2,4,111,0.5374976,2961924.6086956523,14
w04,2,225,4295,27.24096,2948813.131637168,42
w91,2,2,45,0.25262080000000003,2940349.723404255,8
w79,2,1,49,0.1670144,2939014.94,7
w68,2,2,97,0.33249280000000003,2937542.494949495,29
w27,2,6,121,0.7363584000000001,2931709.6141732284,19
w16,2,1,216,0.4235264,2916741.4838709678,6
w04,2,225,4355,27.33312,2910246.891484716,60
w27,2,6,122,0.7378944000000001,2909337.65625,1
w59,2,3,80,0.3981312,2906384.2891566264,5
w16,2,1,217,0.4250624,2903428.8256880734,1
w12,2,0,15,0.02304,2903215.533333333,2
w78,2,1,89,0.2284544,2893334.7,5
w59,2,3,81,0.3996672,2872871.011904762,1
w29,2,5,132,0.6615040000000001,2864141.9635036495,19
w96,2,2,41,0.24647680000000002,2852398.7209302327,2
w04,2,225,4451,27.480576,2850598.351154833,96
w04,2,225,4452,27.482112,2849989.8836861234,1
w75,2,5,109,0.6261760000000001,2845090.51754386,5
w29,2,5,133,0.6630400000000001,2843542.7608695654,1
w07,2,0,14,0.021504000000000002,2841751.6428571427,1
w78,2,1,91,0.23152640000000002,2830894.434782609,2
w14,2,92,1852,11.285708800000002,2829375.8091563787,105
w79,2,1,51,0.17008640000000003,2826308.4423076925,2
w29,2,5,134,0.6645760000000001,2823222.165467626,1
w59,2,3,83,0.4027392,2808046.5,2
w37,2,3,71,0.3843072,2807763.878378378,15
w29,2,5,135,0.666112,2803190.3928571427,1
w73,2,1,33,0.14243840000000002,2801753.205882353,29
w45,2,2,114,0.35860480000000006,2796422.0,13
w06,2,30,608,3.6864000000000003,2793297.354231975,161
w86,2,2,59,0.2741248,2789748.426229508,6
w06,2,30,609,3.6879360000000005,2788926.5758998436,1
w29,2,5,136,0.667648,2783439.765957447,1
w61,2,2,170,0.44462080000000004,2781069.697674419,19
w06,2,30,611,3.691008,2780225.8611544464,2
w10,2,81,3130,12.2394624,2778889.7147306134,627
w68,2,2,103,0.34170880000000003,2773561.1904761903,6
w37,2,3,72,0.38584320000000005,2770993.493333333,1
w64,2,6,286,0.9897984000000001,2768992.359589041,75
w61,2,2,171,0.4461568,2765250.5664739884,1
w29,2,5,137,0.669184,2763961.7464788733,1
w27,2,6,129,0.7486464,2761569.355555556,7
w21,2,42,15,3.8765568000000004,83150334.10526316,4
w14,2,92,1907,11.370188800000001,2751692.5627813907,55
w29,2,5,138,0.6707200000000001,2744752.797202797,1
w04,2,225,4636,27.764736,2742291.6379345814,184
w70,2,1,110,0.2607104,2739976.4684684686,9
w14,2,92,1916,11.3840128,2739385.676294821,9
w04,2,225,4642,27.773952,2738916.669406205,6
w04,2,225,4648,27.783168,2735549.982967371,6
w14,2,92,1919,11.388620800000002,2735307.704624565,3
w12,2,0,16,0.024576,2733354.6875,1
w04,2,225,4654,27.792384000000002,2732191.568149211,6
w96,2,2,43,0.24954880000000002,2727601.6666666665,2
w75,2,5,114,0.6338560000000001,2727150.2100840337,5
w57,2,3,82,0.40120320000000004,2722252.282352941,10
w79,2,1,53,0.17315840000000002,2721932.4444444445,2
w70,2,1,111,0.2622464,2715775.839285714,1
w04,2,225,4684,27.838464000000002,2715522.026889387,30
w75,2,5,115,0.6353920000000001,2704712.7666666666,1
w45,2,2,118,0.3647488,2703217.5166666666,4
w57,2,3,83,0.4027392,2691949.406976744,1
w83,2,1,39,0.15165440000000002,2687487.225,17
w38,2,5,127,0.6538240000000001,2686392.7803030303,38
w33,2,1,114,0.26685440000000005,2686280.3304347824,39
w16,2,1,235,0.4527104,2682662.4618644067,18
w68,2,2,107,0.3478528,2674064.1559633026,4
w07,2,0,15,0.02304,2667925.6,1
w37,2,3,75,0.3904512,2666263.9615384615,3
w09,2,138,2870,17.069875200000002,2665629.3081781915,623
w21,2,42,17,3.8796288000000003,80332384.13559322,2
w09,2,138,2901,17.117491200000003,2638476.0131622246,31
w09,2,138,2903,17.120563200000003,2636743.091746136,2
w14,2,92,1995,11.505356800000001,2635905.4254911356,76
w09,2,138,2907,17.126707200000002,2633284.0223316913,4
w09,2,138,2908,17.128243200000004,2632420.630006566,1
w14,2,92,1999,11.5115008,2630873.7034911527,4
w38,2,5,130,0.658432,2627216.837037037,3
w70,2,1,115,0.26839040000000003,2623055.2672413792,4
w83,2,1,40,0.1531904,2622706.6341463416,1
w52,2,2,59,0.2741248,2617682.2622950817,30
w04,2,225,4871,28.125696,2616039.620486656,187
w47,2,2,112,0.35553280000000004,2612540.0701754387,18
w09,2,138,2936,17.1712512,2608473.5195185426,28
w75,2,5,120,0.6430720000000001,2597862.68,5
w18,2,1,258,0.48803840000000004,2592538.6525096525,88
w21,2,42,18,3.8811648000000005,78993799.98333333,1
w47,2,2,113,0.3570688,2589823.9913043478,1
w73,2,1,36,0.14704640000000002,2586182.4324324327,3
w68,2,2,111,0.3539968,2581219.3628318585,4
w30,2,1,218,0.42659840000000004,2579992.205479452,51
w70,2,1,117,0.2714624,2579049.245762712,2
w08,2,54,2798,9.2522496,2573642.5504908836,2497
w21,2,42,22,3.8873088000000005,74057746.078125,4
w21,2,42,23,3.8888448,72918650.53846154,1
w21,2,42,34,3.9057408000000002,62366998.868421055,11
w21,2,42,35,3.9072768000000004,61557240.44155844,1
w30,2,1,219,0.4281344,2568521.3772727274,1
w04,2,225,4971,28.279296000000002,2565778.112779061,100
w04,2,225,4972,28.280832,2565285.2620742735,1
w83,2,1,41,0.15472640000000001,2560820.0,1
w70,2,1,118,0.2729984,2557574.0,1
w30,2,1,220,0.4296704,2557096.1583710406,1
w14,2,92,2085,11.643596800000001,2527144.9559026184,86
w18,2,1,266,0.5003264000000001,2515912.1835205993,8
w68,2,2,114,0.35860480000000006,2515721.9655172415,3
w07,2,0,16,0.024576,2515083.9375,1
w96,2,2,47,0.25569280000000005,2508240.551020408,4
w83,2,1,42,0.15626240000000002,2501775.581395349,1
w04,2,225,5106,28.486656,2500914.217970362,134
w21,2,42,45,3.9226368000000003,54483129.42528736,10
w52,2,2,62,0.2787328,2499849.03125,3
w09,2,138,3074,17.383219200000003,2496546.137297634,138
w56,2,3,87,0.4088832,2496316.033333333,27
w04,2,225,5121,28.509696,2493909.2942386833,15
w79,2,1,58,0.1808384,2491759.8983050846,5
w06,2,30,687,3.8077440000000005,2485560.507670851,76
w47,2,2,118,0.3647488,2481918.091666667,5
w68,2,2,116,0.3616768,2473849.2288135593,2
w56,2,3,88,0.41041920000000004,2469919.230769231,1
w52,2,2,63,0.28026880000000004,2462557.6615384617,1
w73,2,1,38,0.1501184,2460861.487179487,2
w14,2,92,2146,11.7372928,2458395.9767649686,61
w21,2,42,54,3.9364608000000003,49376499.96875,9
w45,2,2,130,0.3831808,2457495.4696969697,12
w68,2,2,117,0.3632128,2453383.7899159663,1
w27,2,6,147,0.7762944,2443035.0588235296,18
w29,2,5,156,0.6983680000000001,2439611.403726708,18
w45,2,2,131,0.3847168,2439020.112781955,1
w14,2,92,2166,11.768012800000001,2436662.465456156,20
w90,2,5,147,0.684544,2427818.960526316,147
w43,2,4,375,0.9430016000000001,2425890.1899736146,320
w47,2,2,121,0.36935680000000004,2421383.9186991868,3
w01,2,29,817,3.9156736000000003,2413901.234042553,245
w01,2,29,818,3.9172096000000005,2411054.5265643448,1
w82,2,3,76,0.39198720000000004,2408300.7848101268,69
w01,2,29,819,3.9187456000000003,2408214.5129716983,1
w04,2,225,5315,28.80768,2406725.527436823,194
w01,2,29,820,3.9202816,2405380.9799764426,1
w72,2,2,56,0.2695168,2405182.4482758623,18
w59,2,3,98,0.4257792,2403525.3465346536,15
w01,2,29,821,3.9218176000000002,2402553.7835294115,1
w47,2,2,122,0.3708928,2401856.6532258065,1
w42,2,3,189,0.5655552,2398336.953125,46
w01,2,29,823,3.9248896,2396918.7640845072,2
w80,2,2,53,0.26490880000000006,2393978.890909091,32
w52,2,2,65,0.2833408,2391271.582089552,2
w24,2,12,293,1.5510528000000001,2389638.2,106
w04,2,225,5355,28.869120000000002,2389502.8933691755,40
w47,2,2,123,0.3724288,2382641.808,1
w29,2,5,160,0.704512,2380811.412121212,4
w59,2,3,99,0.4273152,2380735.4901960786,1
w82,2,3,77,0.3935232,2379827.7625,1
w07,2,0,17,0.026112,2379445.588235294,1
w45,2,2,135,0.3908608,2367811.2262773723,4
w04,2,225,5407,28.948992,2367478.936789773,52
w34,2,1,699,1.1654144,2361713.06,289
w69,2,1,134,0.2975744,2361646.296296296,43
w70,2,1,128,0.2883584,2360963.914728682,10
w59,2,3,100,0.42885120000000004,2358365.300970874,1
w52,2,2,66,0.28487680000000004,2356859.0147058824,1
w34,2,1,702,1.1700224000000001,2351738.3285917495,3
w82,2,3,78,0.39505920000000005,2351030.037037037,1
w69,2,1,135,0.2991104,2344730.654411765,1
w29,2,5,163,0.70912,2338504.601190476,3
w59,2,3,101,0.4303872,2336343.326923077,1
w12,2,0,19,0.029184,2328414.210526316,3
w50,2,3,237,0.6392832,2328229.0625,237
w82,2,3,79,0.39659520000000004,2322421.2682926827,1
w84,2,1,121,0.27760640000000003,2320528.024590164,35
w09,2,138,3322,17.764147200000004,2317832.515895954,248
w91,2,2,58,0.2725888,2314607.9166666665,13
w80,2,2,55,0.2679808,2313364.263157895,2
w01,2,29,854,3.9725056000000003,2312837.287655719,31
w63,2,4,144,0.5881856000000001,2310700.621621622,33
w76,2,1,34,0.1439744,2303054.057142857,14
w73,2,1,41,0.15472640000000001,2295241.9523809524,3
w82,2,3,80,0.3981312,2294487.0,1
w37,2,3,88,0.41041920000000004,2291997.9340659343,13
w14,2,92,2309,11.9876608,2291816.690962099,143
w50,2,3,241,0.6454272000000001,2290873.454918033,4
w80,2,2,56,0.2695168,2274942.8103448274,1
w50,2,3,243,0.6484992,2272476.6097560977,2
w35,2,1,214,0.4204544,2269636.71627907,56
w48,2,3,324,0.7729152,7083329.28440367,62
w37,2,3,89,0.4119552,2267567.804347826,1
w57,2,3,100,0.42885120000000004,2263959.9708737866,17
w07,2,0,18,0.027648,2258572.222222222,1
w90,2,5,159,0.702976,2258213.9451219514,12
w48,2,3,327,0.7775232000000001,7019075.0212121215,3
w17,2,1,496,0.8536064,2257632.472837022,145
w48,2,3,362,0.8312832,6347320.950684931,35
w63,2,4,148,0.5943296,2250910.0,4
w73,2,1,42,0.15626240000000002,2244752.8139534886,1
w37,2,3,90,0.41349120000000006,2243607.0322580645,1
w42,2,3,203,0.5870592000000001,2240804.0873786407,14
w82,2,3,82,0.40120320000000004,2240539.717647059,2
w70,2,1,135,0.2991104,2240430.154411765,7
w96,2,2,53,0.26490880000000006,2238613.7636363637,6
w80,2,2,57,0.27105280000000004,2237683.9830508474,1
w50,2,3,247,0.6546432,2236536.884,4
w34,2,1,739,1.2268544000000001,2235309.0878378376,37
w29,2,5,171,0.721408,2232712.596590909,8
w42,2,3,204,0.5885952000000001,2230322.0434782607,1
w72,2,2,61,0.2771968,2217178.8571428573,5
w04,2,225,5790,29.537280000000003,2216994.586866168,383
w82,2,3,83,0.4027392,2214498.197674419,1
w04,2,225,5808,29.564928000000002,2210392.2986905356,18
w50,2,3,250,0.6592512,2210309.9565217393,3
w04,2,225,5811,29.569536,2209295.744201458,3
w43,2,4,413,1.0013696,2208168.256594724,38
w29,2,5,173,0.72448,2207749.7191011235,2
w16,2,1,286,0.5310464,2207529.7212543553,51
w80,2,2,58,0.2725888,2201418.0833333335,1
w75,2,5,143,0.6784000000000001,2198256.0405405406,23
w83,2,1,48,0.16547840000000003,2198058.5306122447,6
w39,2,2,137,0.3939328,2191764.5755395684,56
w04,2,225,5864,29.650944000000003,2190101.2338643456,53
w21,2,42,55,3.9379968000000005,48867569.86597938,1
w17,2,1,514,0.8812544,2179235.475728155,18
w70,2,1,139,0.30525440000000004,2176878.3214285714,4
w30,2,1,260,0.4911104,2171556.363984674,40
w82,2,3,85,0.40581120000000004,2164179.159090909,2
w84,2,1,130,0.2914304,2162218.244274809,9
w42,2,3,211,0.5993472,2159684.5186915887,7
w73,2,1,44,0.15933440000000001,2150158.0888888887,2
w07,2,0,19,0.029184,2150134.6842105263,1
w82,2,3,86,0.4073472,2139864.011235955,1
w79,2,1,68,0.1961984,2131102.884057971,10
w12,2,0,21,0.032256,2121623.476190476,2
w82,2,3,87,0.4088832,2116087.8,1
w14,2,92,2513,12.301004800000001,2112695.1769673703,204
w21,2,42,64,3.9518208000000006,44719261.716981135,9
w73,2,1,45,0.16087040000000002,2105768.347826087,1
w34,2,1,786,1.2990464,2103094.968233799,47
w30,2,1,269,0.5049344,2100482.374074074,9
w14,2,92,2535,12.334796800000001,2095038.545489151,22
w106,2,1,28,0.1347584,2086981.896551724,24
w73,2,1,46,0.1624064,2063164.319148936,1
w18,2,1,326,0.5924864,2058715.749235474,60
w18,2,1,327,0.5940224000000001,2052499.5518292682,1
w18,2,1,328,0.5955584,2046317.5805471125,1
w40,2,2,141,0.4000768,2046219.7482517483,53
w34,2,1,812,1.3389824000000001,2036478.500615006,26
w40,2,2,142,0.4016128,2032044.9444444445,1
w20,2,28,2431,6.303027200000001,2031904.8865392436,989
w12,2,0,22,0.033792,2030032.8636363635,1
w73,2,1,47,0.16394240000000002,2022212.7916666667,1
w40,2,2,143,0.40314880000000003,2018061.6689655173,1
w53,2,19,631,2.7124736,2012506.2984615385,280
w75,2,5,157,0.6999040000000001,2010158.4197530865,14
w78,2,1,129,0.2898944,2008570.2538461538,38
w16,2,1,315,0.5755904000000001,2005689.4240506329,29
w14,2,92,2658,12.5237248,2001520.5072727273,123
w17,2,1,560,0.9519104,2001400.7112299465,46
w17,2,1,561,0.9534464,1997851.6334519573,1
w40,2,2,145,0.40622080000000005,1990646.1156462585,2
w69,2,1,160,0.3375104,1989466.3664596274,25
w57,2,3,115,0.45189120000000005,1988691.1016949152,15
w75,2,5,159,0.702976,1985880.6646341463,2
w04,2,225,6494,30.618624,1985119.3204345885,630
w73,2,1,48,0.16547840000000003,1982766.918367347,1
w27,2,6,184,0.8331264,1975632.1315789474,37
w17,2,1,568,0.9641984,1973321.7943760983,7
w09,2,138,3928,18.694963200000004,1972847.9970486965,606
w09,2,138,3931,18.6995712,1971395.3656918162,3
w104,2,1,82,0.21770240000000002,1969689.903614458,33
w40,2,2,147,0.4092928,1963964.4832214764,2
w07,2,0,21,0.032256,1963137.4761904762,2
w17,2,1,571,0.9688064000000001,1962987.8024475526,3
w106,2,1,30,0.13783040000000002,1955170.7096774194,2
w59,2,3,122,0.46264320000000003,1954966.496,21
w12,2,0,23,0.035328,1946284.347826087,1
w20,2,28,2540,6.4704512,1945877.3091900311,109
w21,2,42,71,3.9625728000000002,41949570.43362832,7
w73,2,1,49,0.1670144,1944822.4,1
w69,2,1,164,0.3436544,1942577.006060606,4
w57,2,3,118,0.4564992,1941647.0330578513,3
w09,2,138,3997,18.800947200000003,1939970.2570737605,66
w75,2,5,164,0.7106560000000001,1927657.3195266272,5
w37,2,3,106,0.43806720000000005,1919886.623853211,16
w27,2,6,190,0.8423424,1916393.8826530613,6
w40,2,2,151,0.41543680000000005,1912690.522875817,4
w09,2,138,4057,18.893107200000003,1912258.9911799761,60
w09,2,138,4058,18.894643200000004,1911803.8462821734,1
w01,2,29,1045,4.2658816,1901766.8873370576,191
w40,2,2,152,0.41697280000000003,1900284.3246753246,1
w59,2,3,126,0.46878720000000007,1896303.9302325582,4
w20,2,28,2608,6.5748992,1895812.1506069803,68
w03,2,138,6553,22.7269632,1894217.6014048723,3119
w05,2,152,69,14.052044800000001,41228978.199095026,1
w05,2,152,73,14.058188800000002,40496253.177777775,4
w05,2,152,75,14.061260800000001,40139570.140969165,2
w21,2,42,95,3.9994368000000002,34602069.99270073,24
w21,2,42,96,4.0009728,34351382.39130435,1
w21,2,42,120,4.0378368,29263307.895061728,24
w21,2,42,125,4.045516800000001,28387365.47305389,5
w21,2,42,130,4.0531968,27562345.31395349,5
w21,2,42,131,4.0547328,27403060.265895955,1
w21,2,42,153,4.0885248,24312078.15897436,22
w54,2,77,174,7.332044800000001,19772367.64940239,9
w21,2,42,344,4.3819008,12284455.440414507,191
w05,2,152,86,14.078156800000002,38284937.60504202,11
w54,2,77,175,7.333580800000001,19693927.404761903,1
w21,2,42,576,4.738252800000001,7674244.182847897,232
w05,2,152,108,14.111948800000002,35046434.46923077,22
w05,2,152,113,14.119628800000001,34385401.84150943,5
w65,2,10,56,1.0035200000000002,9434300.606060605,1
w21,2,42,603,4.7797248,7353155.85116279,27
w21,2,42,604,4.7812608,7341778.693498452,1
w21,2,42,605,4.782796800000001,7330436.664605874,1
w65,2,10,86,1.0496,6489175.572916667,30
w65,2,10,87,1.051136,6422354.979381443,1
w65,2,10,103,1.0757120000000002,5513958.433628319,16
w65,2,10,107,1.0818560000000002,5325672.452991453,4
w65,2,10,117,1.0972160000000002,4906721.118110236,10
w65,2,10,128,1.114112,4515914.2463768115,11
w22,2,2,106,0.34631680000000004,3467943.722222222,19
w05,2,152,114,14.1211648,34256176.40225564,1
w22,2,2,116,0.3616768,3174315.7288135593,10
w65,2,10,191,1.2108800000000002,3101543.527363184,63
w65,2,10,192,1.2124160000000002,3086204.0,1
w21,2,42,1632,6.3602688,2835120.283154122,1027
w05,2,152,122,14.1334528,33256318.715328466,8
w46,2,40,371,4.239872,8887711.965936739,11
w15,2,7,102,0.7989248000000001,4060859.5871559633,42
w23,2,19,361,2.2977536,3255629.015789474,1
w23,2,19,366,2.3054336,3213536.1948051946,5
w23,2,19,367,2.3069696000000004,3205234.7046632124,1
w23,2,19,368,2.3085056,3196973.8501291987,1
w05,2,152,2748,18.166988800000002,3152087.271724138,2626
w25,2,25,1,2.2952960000000004,91023231.15384616,1
w25,2,25,20,2.3244800000000003,52635402.155555554,19
w85,2,4,7,0.3777536,25613657.454545453,1
w54,2,77,193,7.361228800000001,18381203.07037037,18
w25,2,25,106,2.456576,18143245.832061067,86
w25,2,25,122,2.4811520000000002,16178026.068027211,16
w85,2,4,15,0.39004160000000004,14833646.47368421,8
w85,2,4,18,0.39464960000000004,12812248.954545455,3
w85,2,4,19,0.3961856,12255541.43478261,1
w92,2,2,19,0.2126848,11663194.333333334,4
w92,2,2,20,0.21422080000000002,11133180.636363637,1
w85,2,4,23,0.40232960000000006,10440861.592592593,4
w85,2,4,24,0.40386560000000005,10068180.92857143,1
w25,2,25,227,2.6424320000000003,9472300.337301588,105
w92,2,2,24,0.22036480000000003,9420789.692307692,4
w46,2,40,379,4.25216,8719231.303102626,8
w46,2,40,381,4.255232,8678088.268408552,2
w105,2,1,20,0.12247040000000001,8104127.19047619,6
w54,2,77,477,7.797452800000001,8959683.983754512,284
w26,2,14,31,1.3321216000000002,23370032.088888887,9
w51,2,7,29,0.6867968000000001,12604342.861111112,3
w51,2,7,30,0.6883328000000001,12264316.405405406,1
w98,2,2,7,0.19425280000000003,15604227.222222222,1
w51,2,7,32,0.6914048,11636571.948717948,2
w51,2,7,33,0.6929408,11346193.175,1
w85,2,4,25,0.40540160000000003,9721063.344827587,1
w51,2,7,42,0.7067648000000001,9266001.163265307,9
w54,2,77,479,7.800524800000002,8927462.106115108,2
w26,2,14,38,1.3428736000000001,20233414.807692308,7
w51,2,7,44,0.7098368,8903358.43137255,2
w26,2,14,105,1.4457856000000002,8879836.50420168,67
w93,2,3,13,0.2952192,14650967.0,2
w97,2,2,8,0.1957888,14205750.6,1
